sim_timestamp,sim_damage_timestamp,sim_name,sim_potency,sim_expected,sim_weight,sim_target,sim_conditions,sim_variance,sim_buffs,sim_application_timestamp
0,0,The Wanderer's Minuet,,,,,,,[],
-500,258,Holy Spirit,400.0,31913.0,,Boss1,[],67703560.0,[],
258,790,Auto,90.0,5385.0,,Boss1,[],1961675.0,"[""The Wanderer's Minuet""]",
1000,1623,Fast Blade,220.0,17735.0,,Boss1,[],21278822.0,"[""The Wanderer's Minuet""]",
2498,3030,Auto,90.0,5385.0,,Boss1,[],1961675.0,"[""The Wanderer's Minuet""]",
4125,4125,Grade 4 Gemdraught,,,,,,,[],
3500,4258,Riot Blade,330.0,26609.0,,Boss1,[],47897679.0,"[""The Wanderer's Minuet""]",
5103,5103,Battle Voice,,,,,,,[],5723.0
4738,5270,Auto,90.0,5385.0,,Boss1,[],1961675.0,"[""The Wanderer's Minuet""]",
5723,5723,Radiant Finale,,,,,,,[],6348.0
6000,6578,Royal Authority,460.0,42073.0,,Boss1,[],127909008.0,"['Battle Voice', 'Grade 4 Gemdraught', ""The Wanderer's Minuet""]",
6625,6625,Fight or Flight,,,,,,,[],
6978,7510,Auto,90.0,6230.0,,Boss1,[],2805120.0,"['Battle Voice', 'Grade 4 Gemdraught', 'Radiant Finale', ""The Wanderer's Minuet""]",
7250,8540,Imperator,580.0,67639.0,,Boss1,[],330614710.0,"['Battle Voice', 'Fight or Flight', 'Grade 4 Gemdraught', 'Radiant Finale', ""The Wanderer's Minuet""]",
8500,9034,Goring Blade,700.0,81633.0,,Boss1,[],481565395.0,"['Battle Voice', 'Fight or Flight', 'Grade 4 Gemdraught', 'Radiant Finale', ""The Wanderer's Minuet""]",
9218,9750,Auto,90.0,7788.0,,Boss1,[],4382893.0,"['Battle Voice', 'Fight or Flight', 'Grade 4 Gemdraught', 'Radiant Finale', ""The Wanderer's Minuet""]",
9125,10148,Circle of Scorn,140.0,16316.0,,Boss1,[],19239495.0,"['Battle Voice', 'Fight or Flight', 'Grade 4 Gemdraught', 'Radiant Finale', ""The Wanderer's Minuet""]",
9125,10500,Circle of Scorn (dot),30.0,3492.0,,Boss1,[],881004.0,"['Battle Voice', 'Fight or Flight', 'Grade 4 Gemdraught', 'Radiant Finale', ""The Wanderer's Minuet""]",
11000,11758,Holy Spirit,500.0,58308.0,,Boss1,['Divine Might'],245690951.0,"['Battle Voice', 'Divine Might', 'Fight or Flight', 'Grade 4 Gemdraught', 'Radiant Finale', ""The Wanderer's Minuet""]",
11625,11982,Expiacion,450.0,52473.0,,Boss1,[],198974231.0,"['Battle Voice', 'Fight or Flight', 'Grade 4 Gemdraught', 'Radiant Finale', ""The Wanderer's Minuet""]",
11458,11990,Auto,90.0,7788.0,,Boss1,[],4382893.0,"['Battle Voice', 'Fight or Flight', 'Grade 4 Gemdraught', 'Radiant Finale', ""The Wanderer's Minuet""]",
9125,13500,Circle of Scorn (dot),30.0,3492.0,,Boss1,[],881004.0,"['Battle Voice', 'Fight or Flight', 'Grade 4 Gemdraught', 'Radiant Finale', ""The Wanderer's Minuet""]",
13500,14123,Confiteor,1000.0,116623.0,,Boss1,['Requiescat'],982849952.0,"['Battle Voice', 'Fight or Flight', 'Grade 4 Gemdraught', 'Radiant Finale', 'Requiescat', ""The Wanderer's Minuet""]",
13698,14230,Auto,90.0,7788.0,,Boss1,[],4382893.0,"['Battle Voice', 'Fight or Flight', 'Grade 4 Gemdraught', 'Radiant Finale', ""The Wanderer's Minuet""]",
14125,14703,Intervene,150.0,17487.0,,Boss1,[],22096450.0,"['Battle Voice', 'Fight or Flight', 'Grade 4 Gemdraught', 'Radiant Finale', ""The Wanderer's Minuet""]",
15938,16470,Auto,90.0,7788.0,,Boss1,[],4382893.0,"['Battle Voice', 'Fight or Flight', 'Grade 4 Gemdraught', 'Radiant Finale', ""The Wanderer's Minuet""]",
9125,16500,Circle of Scorn (dot),30.0,3492.0,,Boss1,[],881004.0,"['Battle Voice', 'Fight or Flight', 'Grade 4 Gemdraught', 'Radiant Finale', ""The Wanderer's Minuet""]",
16000,16666,Blade of Faith,760.0,88632.0,,Boss1,['Requiescat'],567676891.0,"['Battle Voice', 'Fight or Flight', 'Grade 4 Gemdraught', 'Radiant Finale', 'Requiescat', ""The Wanderer's Minuet""]",
18178,18710,Auto,90.0,7788.0,,Boss1,[],4382893.0,"['Battle Voice', 'Fight or Flight', 'Grade 4 Gemdraught', 'Radiant Finale', ""The Wanderer's Minuet""]",
18500,19391,Blade of Truth,880.0,102626.0,,Boss1,['Requiescat'],761103176.0,"['Battle Voice', 'Fight or Flight', 'Grade 4 Gemdraught', 'Radiant Finale', 'Requiescat', ""The Wanderer's Minuet""]",
9125,19500,Circle of Scorn (dot),30.0,3492.0,,Boss1,[],881004.0,"['Battle Voice', 'Fight or Flight', 'Grade 4 Gemdraught', 'Radiant Finale', ""The Wanderer's Minuet""]",
19125,19703,Intervene,150.0,17487.0,,Boss1,[],22096450.0,"['Battle Voice', 'Fight or Flight', 'Grade 4 Gemdraught', 'Radiant Finale', ""The Wanderer's Minuet""]",
20418,20950,Auto,90.0,7788.0,,Boss1,[],4382893.0,"['Battle Voice', 'Fight or Flight', 'Grade 4 Gemdraught', 'Radiant Finale', ""The Wanderer's Minuet""]",
21000,21891,Blade of Valor,1000.0,116623.0,,Boss1,['Requiescat'],982849952.0,"['Battle Voice', 'Fight or Flight', 'Grade 4 Gemdraught', 'Radiant Finale', 'Requiescat', ""The Wanderer's Minuet""]",
9125,22500,Circle of Scorn (dot),30.0,3492.0,,Boss1,[],881004.0,"['Battle Voice', 'Fight or Flight', 'Grade 4 Gemdraught', 'Radiant Finale', ""The Wanderer's Minuet""]",
21625,22785,Blade of Honor,1000.0,116623.0,,Boss1,[],982849952.0,"['Battle Voice', 'Fight or Flight', 'Grade 4 Gemdraught', 'Radiant Finale', ""The Wanderer's Minuet""]",
22658,23190,Auto,90.0,7788.0,,Boss1,[],4382893.0,"['Battle Voice', 'Fight or Flight', 'Grade 4 Gemdraught', 'Radiant Finale', ""The Wanderer's Minuet""]",
23500,24793,Atonement,460.0,53642.0,,Boss1,[],207931449.0,"['Battle Voice', 'Fight or Flight', 'Grade 4 Gemdraught', 'Radiant Finale', ""The Wanderer's Minuet""]",
24898,25430,Auto,90.0,7788.0,,Boss1,[],4382893.0,"['Battle Voice', 'Fight or Flight', 'Grade 4 Gemdraught', 'Radiant Finale', ""The Wanderer's Minuet""]",
26000,27160,Supplication,500.0,55634.0,,Boss1,[],209391259.0,"['Fight or Flight', 'Grade 4 Gemdraught', 'Radiant Finale', ""The Wanderer's Minuet""]",
27138,27670,Auto,90.0,7285.0,,Boss1,[],3590416.0,"['Fight or Flight', 'Grade 4 Gemdraught', ""The Wanderer's Minuet""]",
28500,29790,Sepulchre,540.0,47123.0,,Boss1,[],150227013.0,"['Grade 4 Gemdraught', ""The Wanderer's Minuet""]",
29378,29910,Auto,90.0,5829.0,,Boss1,[],2297940.0,"['Grade 4 Gemdraught', ""The Wanderer's Minuet""]",
31000,31623,Fast Blade,220.0,19196.0,,Boss1,[],24927531.0,"['Grade 4 Gemdraught', ""The Wanderer's Minuet""]",
31618,32150,Auto,90.0,5829.0,,Boss1,[],2297940.0,"['Grade 4 Gemdraught', ""The Wanderer's Minuet""]",
33500,34258,Riot Blade,330.0,28795.0,,Boss1,[],56091954.0,"['Grade 4 Gemdraught', ""The Wanderer's Minuet""]",
33858,34390,Auto,90.0,5829.0,,Boss1,[],2297940.0,"['Grade 4 Gemdraught', ""The Wanderer's Minuet""]",
36000,36578,Royal Authority,460.0,37093.0,,Boss1,[],93080741.0,"[""The Wanderer's Minuet""]",
36098,36630,Auto,90.0,5385.0,,Boss1,[],1961675.0,"[""The Wanderer's Minuet""]",
38338,38870,Auto,90.0,5385.0,,Boss1,[],1961675.0,"[""The Wanderer's Minuet""]",
38500,39123,Fast Blade,220.0,17735.0,,Boss1,[],21278822.0,"[""The Wanderer's Minuet""]",
39125,40148,Circle of Scorn,140.0,11284.0,,Boss1,[],8611797.0,"[""The Wanderer's Minuet""]",
39125,40500,Circle of Scorn (dot),30.0,2417.0,,Boss1,[],395185.0,"[""The Wanderer's Minuet""]",
40578,41110,Auto,90.0,5385.0,,Boss1,[],1961675.0,"[""The Wanderer's Minuet""]",
41000,41758,Riot Blade,330.0,26609.0,,Boss1,[],47897679.0,"[""The Wanderer's Minuet""]",
41625,41982,Expiacion,450.0,36288.0,,Boss1,[],89083401.0,"[""The Wanderer's Minuet""]",
42541,42541,Mage's Ballad,,,,,,,[],
42818,43350,Auto,90.0,5381.0,,Boss1,[],1925149.0,"[""Mage's Ballad""]",
39125,43500,Circle of Scorn (dot),30.0,2417.0,,Boss1,[],395185.0,"[""The Wanderer's Minuet""]",
43500,44793,Atonement,460.0,37067.0,,Boss1,[],91336067.0,"[""Mage's Ballad""]",
45058,45590,Auto,90.0,5381.0,,Boss1,[],1925149.0,"[""Mage's Ballad""]",
39125,46500,Circle of Scorn (dot),30.0,2417.0,,Boss1,[],395185.0,"[""The Wanderer's Minuet""]",
46000,47160,Supplication,500.0,40292.0,,Boss1,[],107923922.0,"[""Mage's Ballad""]",
47298,47830,Auto,90.0,5381.0,,Boss1,[],1925149.0,"[""Mage's Ballad""]",
39125,49500,Circle of Scorn (dot),30.0,2417.0,,Boss1,[],395185.0,"[""The Wanderer's Minuet""]",
48500,49790,Sepulchre,540.0,43513.0,,Boss1,[],125862133.0,"[""Mage's Ballad""]",
49538,50070,Auto,90.0,5381.0,,Boss1,[],1925149.0,"[""Mage's Ballad""]",
51000,51758,Holy Spirit,500.0,40292.0,,Boss1,['Divine Might'],107923922.0,"['Divine Might', ""Mage's Ballad""]",
51778,52310,Auto,90.0,5381.0,,Boss1,[],1925149.0,"[""Mage's Ballad""]",
39125,52500,Circle of Scorn (dot),30.0,2417.0,,Boss1,[],395185.0,"[""The Wanderer's Minuet""]",
53500,54078,Royal Authority,460.0,37067.0,,Boss1,[],91336067.0,"[""Mage's Ballad""]",
54018,54550,Auto,90.0,5381.0,,Boss1,[],1925149.0,"[""Mage's Ballad""]",
56000,56623,Fast Blade,220.0,17723.0,,Boss1,[],20880967.0,"[""Mage's Ballad""]",
56258,56790,Auto,90.0,5381.0,,Boss1,[],1925149.0,"[""Mage's Ballad""]",
58498,59030,Auto,90.0,5381.0,,Boss1,[],1925149.0,"[""Mage's Ballad""]",
58500,59258,Riot Blade,330.0,26590.0,,Boss1,[],47001499.0,"[""Mage's Ballad""]",
60738,61270,Auto,90.0,5381.0,,Boss1,[],1925149.0,"[""Mage's Ballad""]",
61000,62293,Atonement,460.0,37067.0,,Boss1,[],91336067.0,"[""Mage's Ballad""]",
62978,63510,Auto,90.0,5381.0,,Boss1,[],1925149.0,"[""Mage's Ballad""]",
63500,64660,Supplication,500.0,40292.0,,Boss1,[],107923922.0,"[""Mage's Ballad""]",
65218,65750,Auto,90.0,5381.0,,Boss1,[],1925149.0,"[""Mage's Ballad""]",
66625,66625,Fight or Flight,,,,,,,[],
66000,66758,Holy Spirit,500.0,40292.0,,Boss1,['Divine Might'],107923922.0,"['Divine Might', ""Mage's Ballad""]",
67458,67990,Auto,90.0,6727.0,,Boss1,[],3007825.0,"['Fight or Flight', ""Mage's Ballad""]",
67250,68540,Imperator,580.0,58422.0,,Boss1,[],226896727.0,"['Fight or Flight', ""Mage's Ballad""]",
68500,69034,Goring Blade,700.0,70512.0,,Boss1,[],330523609.0,"['Fight or Flight', ""Mage's Ballad""]",
69125,70148,Circle of Scorn,140.0,14095.0,,Boss1,[],13203851.0,"['Fight or Flight', ""Mage's Ballad""]",
69698,70230,Auto,90.0,6727.0,,Boss1,[],3007825.0,"['Fight or Flight', ""Mage's Ballad""]",
69125,70500,Circle of Scorn (dot),30.0,3019.0,,Boss1,[],606059.0,"['Fight or Flight', ""Mage's Ballad""]",
71625,71982,Expiacion,450.0,45329.0,,Boss1,[],136584751.0,"['Fight or Flight', ""Mage's Ballad""]",
71000,72290,Sepulchre,540.0,54391.0,,Boss1,[],196667498.0,"['Fight or Flight', ""Mage's Ballad""]",
71938,72470,Auto,90.0,6727.0,,Boss1,[],3007825.0,"['Fight or Flight', ""Mage's Ballad""]",
69125,73500,Circle of Scorn (dot),30.0,3019.0,,Boss1,[],606059.0,"['Fight or Flight', ""Mage's Ballad""]",
73500,74123,Confiteor,1000.0,100733.0,,Boss1,['Requiescat'],674543513.0,"['Fight or Flight', ""Mage's Ballad"", 'Requiescat']",
74125,74703,Intervene,150.0,15107.0,,Boss1,[],15169345.0,"['Fight or Flight', ""Mage's Ballad""]",
74178,74710,Auto,90.0,6727.0,,Boss1,[],3007825.0,"['Fight or Flight', ""Mage's Ballad""]",
69125,76500,Circle of Scorn (dot),30.0,3019.0,,Boss1,[],606059.0,"['Fight or Flight', ""Mage's Ballad""]",
76000,76666,Blade of Faith,760.0,76559.0,,Boss1,['Requiescat'],389638393.0,"['Fight or Flight', ""Mage's Ballad"", 'Requiescat']",
76418,76950,Auto,90.0,6727.0,,Boss1,[],3007825.0,"['Fight or Flight', ""Mage's Ballad""]",
76625,77203,Intervene,150.0,15107.0,,Boss1,[],15169345.0,"['Fight or Flight', ""Mage's Ballad""]",
78658,79190,Auto,90.0,6727.0,,Boss1,[],3007825.0,"['Fight or Flight', ""Mage's Ballad""]",
78500,79391,Blade of Truth,880.0,88644.0,,Boss1,['Requiescat'],522358192.0,"['Fight or Flight', ""Mage's Ballad"", 'Requiescat']",
69125,79500,Circle of Scorn (dot),30.0,3019.0,,Boss1,[],606059.0,"['Fight or Flight', ""Mage's Ballad""]",
80898,81430,Auto,90.0,6727.0,,Boss1,[],3007825.0,"['Fight or Flight', ""Mage's Ballad""]",
81762,81762,Army's Paeon,,,,,,,[],
81000,81891,Blade of Valor,1000.0,100733.0,,Boss1,['Requiescat'],674543513.0,"['Fight or Flight', ""Mage's Ballad"", 'Requiescat']",
69125,82500,Circle of Scorn (dot),30.0,3019.0,,Boss1,[],606059.0,"['Fight or Flight', ""Mage's Ballad""]",
81625,82785,Blade of Honor,1000.0,100733.0,,Boss1,[],674543513.0,"['Fight or Flight', ""Mage's Ballad""]",
83138,83670,Auto,90.0,6708.0,,Boss1,[],3038492.0,"[""Army's Paeon"", 'Fight or Flight']",
83500,84078,Royal Authority,460.0,46206.0,,Boss1,[],144189478.0,"[""Army's Paeon"", 'Fight or Flight']",
85378,85910,Auto,90.0,6708.0,,Boss1,[],3038492.0,"[""Army's Paeon"", 'Fight or Flight']",
86000,86758,Holy Spirit,500.0,50226.0,,Boss1,['Divine Might'],170370178.0,"[""Army's Paeon"", 'Divine Might', 'Fight or Flight']",
87618,88150,Auto,90.0,5367.0,,Boss1,[],1944803.0,"[""Army's Paeon""]",
88500,89123,Fast Blade,220.0,17674.0,,Boss1,[],21095861.0,"[""Army's Paeon""]",
89858,90390,Auto,90.0,5367.0,,Boss1,[],1944803.0,"[""Army's Paeon""]",
91000,91758,Riot Blade,330.0,26517.0,,Boss1,[],47485779.0,"[""Army's Paeon""]",
92098,92630,Auto,90.0,5367.0,,Boss1,[],1944803.0,"[""Army's Paeon""]",
93500,94793,Atonement,460.0,36965.0,,Boss1,[],92280216.0,"[""Army's Paeon""]",
94338,94870,Auto,90.0,5367.0,,Boss1,[],1944803.0,"[""Army's Paeon""]",
96578,97110,Auto,90.0,5367.0,,Boss1,[],1944803.0,"[""Army's Paeon""]",
96000,97160,Supplication,500.0,40181.0,,Boss1,[],109034954.0,"[""Army's Paeon""]",
98818,99350,Auto,90.0,5367.0,,Boss1,[],1944803.0,"[""Army's Paeon""]",
98500,99790,Sepulchre,540.0,43393.0,,Boss1,[],127165499.0,"[""Army's Paeon""]",
99125,100148,Circle of Scorn,140.0,11245.0,,Boss1,[],8537711.0,"[""Army's Paeon""]",
99125,100500,Circle of Scorn (dot),30.0,2409.0,,Boss1,[],391781.0,"[""Army's Paeon""]",
101000,101578,Royal Authority,460.0,36965.0,,Boss1,[],92280216.0,"[""Army's Paeon""]",
101058,101590,Auto,90.0,5367.0,,Boss1,[],1944803.0,"[""Army's Paeon""]",
101625,101982,Expiacion,450.0,36163.0,,Boss1,[],88317225.0,"[""Army's Paeon""]",
99125,103500,Circle of Scorn (dot),30.0,2409.0,,Boss1,[],391781.0,"[""Army's Paeon""]",
103298,103830,Auto,90.0,5367.0,,Boss1,[],1944803.0,"[""Army's Paeon""]",
103500,104123,Fast Blade,220.0,17674.0,,Boss1,[],21095861.0,"[""Army's Paeon""]",
105538,106070,Auto,90.0,5367.0,,Boss1,[],1944803.0,"[""Army's Paeon""]",
99125,106500,Circle of Scorn (dot),30.0,2409.0,,Boss1,[],391781.0,"[""Army's Paeon""]",
106000,106758,Riot Blade,330.0,26517.0,,Boss1,[],47485779.0,"[""Army's Paeon""]",
107778,108310,Auto,90.0,5367.0,,Boss1,[],1944803.0,"[""Army's Paeon""]",
99125,109500,Circle of Scorn (dot),30.0,2409.0,,Boss1,[],391781.0,"[""Army's Paeon""]",
108500,109793,Atonement,460.0,36965.0,,Boss1,[],92280216.0,"[""Army's Paeon""]",
110018,110550,Auto,90.0,5367.0,,Boss1,[],1944803.0,"[""Army's Paeon""]",
111000,112160,Supplication,500.0,40181.0,,Boss1,[],109034954.0,"[""Army's Paeon""]",
99125,112500,Circle of Scorn (dot),30.0,2409.0,,Boss1,[],391781.0,"[""Army's Paeon""]",
112258,112790,Auto,90.0,5367.0,,Boss1,[],1944803.0,"[""Army's Paeon""]",
113500,114790,Sepulchre,540.0,43393.0,,Boss1,[],127165499.0,"[""Army's Paeon""]",
114498,115030,Auto,90.0,5367.0,,Boss1,[],1944803.0,"[""Army's Paeon""]",
116000,116758,Holy Spirit,500.0,40181.0,,Boss1,['Divine Might'],109034954.0,"[""Army's Paeon"", 'Divine Might']",
116738,117270,Auto,90.0,5367.0,,Boss1,[],1944803.0,"[""Army's Paeon""]",
118500,119078,Royal Authority,460.0,36965.0,,Boss1,[],92280216.0,"[""Army's Paeon""]",
118978,119510,Auto,90.0,5367.0,,Boss1,[],1944803.0,"[""Army's Paeon""]",
120782,120782,The Wanderer's Minuet,,,,,,,[],
121000,121623,Fast Blade,220.0,17735.0,,Boss1,[],21278822.0,"[""The Wanderer's Minuet""]",
121218,121750,Auto,90.0,5385.0,,Boss1,[],1961675.0,"[""The Wanderer's Minuet""]",
123458,123990,Auto,90.0,5385.0,,Boss1,[],1961675.0,"[""The Wanderer's Minuet""]",
123500,124258,Riot Blade,330.0,26609.0,,Boss1,[],47897679.0,"[""The Wanderer's Minuet""]",
125195,125195,Battle Voice,,,,,,,[],125815.0
125815,125815,Radiant Finale,,,,,,,[],126440.0
125698,126230,Auto,90.0,5385.0,,Boss1,[],1961675.0,"[""The Wanderer's Minuet""]",
126625,126625,Fight or Flight,,,,,,,[],
126000,127293,Atonement,460.0,38876.0,,Boss1,[],109216952.0,"['Battle Voice', ""The Wanderer's Minuet""]",
127938,128470,Auto,90.0,7478.0,,Boss1,[],4041541.0,"['Battle Voice', 'Fight or Flight', 'Radiant Finale', ""The Wanderer's Minuet""]",
127250,128540,Imperator,580.0,64950.0,,Boss1,[],304839939.0,"['Battle Voice', 'Fight or Flight', 'Radiant Finale', ""The Wanderer's Minuet""]",
128500,129034,Goring Blade,700.0,78390.0,,Boss1,[],444075880.0,"['Battle Voice', 'Fight or Flight', 'Radiant Finale', ""The Wanderer's Minuet""]",
129125,130148,Circle of Scorn,140.0,15669.0,,Boss1,[],17739861.0,"['Battle Voice', 'Fight or Flight', 'Radiant Finale', ""The Wanderer's Minuet""]",
129125,130500,Circle of Scorn (dot),30.0,3357.0,,Boss1,[],814009.0,"['Battle Voice', 'Fight or Flight', 'Radiant Finale', ""The Wanderer's Minuet""]",
130178,130710,Auto,90.0,7478.0,,Boss1,[],4041541.0,"['Battle Voice', 'Fight or Flight', 'Radiant Finale', ""The Wanderer's Minuet""]",
131625,131982,Expiacion,450.0,50393.0,,Boss1,[],183507573.0,"['Battle Voice', 'Fight or Flight', 'Radiant Finale', ""The Wanderer's Minuet""]",
131000,132160,Supplication,500.0,55993.0,,Boss1,[],226557544.0,"['Battle Voice', 'Fight or Flight', 'Radiant Finale', ""The Wanderer's Minuet""]",
132418,132950,Auto,90.0,7478.0,,Boss1,[],4041541.0,"['Battle Voice', 'Fight or Flight', 'Radiant Finale', ""The Wanderer's Minuet""]",
129125,133500,Circle of Scorn (dot),30.0,3357.0,,Boss1,[],814009.0,"['Battle Voice', 'Fight or Flight', 'Radiant Finale', ""The Wanderer's Minuet""]",
133500,134123,Confiteor,1000.0,111988.0,,Boss1,['Requiescat'],906290883.0,"['Battle Voice', 'Fight or Flight', 'Radiant Finale', 'Requiescat', ""The Wanderer's Minuet""]",
134125,134703,Intervene,150.0,16795.0,,Boss1,[],20383380.0,"['Battle Voice', 'Fight or Flight', 'Radiant Finale', ""The Wanderer's Minuet""]",
134658,135190,Auto,90.0,7478.0,,Boss1,[],4041541.0,"['Battle Voice', 'Fight or Flight', 'Radiant Finale', ""The Wanderer's Minuet""]",
129125,136500,Circle of Scorn (dot),30.0,3357.0,,Boss1,[],814009.0,"['Battle Voice', 'Fight or Flight', 'Radiant Finale', ""The Wanderer's Minuet""]",
136000,136666,Blade of Faith,760.0,85112.0,,Boss1,['Requiescat'],523489386.0,"['Battle Voice', 'Fight or Flight', 'Radiant Finale', 'Requiescat', ""The Wanderer's Minuet""]",
136625,137203,Intervene,150.0,16795.0,,Boss1,[],20383380.0,"['Battle Voice', 'Fight or Flight', 'Radiant Finale', ""The Wanderer's Minuet""]",
136898,137430,Auto,90.0,7478.0,,Boss1,[],4041541.0,"['Battle Voice', 'Fight or Flight', 'Radiant Finale', ""The Wanderer's Minuet""]",
138500,139391,Blade of Truth,880.0,98548.0,,Boss1,['Requiescat'],701808437.0,"['Battle Voice', 'Fight or Flight', 'Radiant Finale', 'Requiescat', ""The Wanderer's Minuet""]",
129125,139500,Circle of Scorn (dot),30.0,3357.0,,Boss1,[],814009.0,"['Battle Voice', 'Fight or Flight', 'Radiant Finale', ""The Wanderer's Minuet""]",
139138,139670,Auto,90.0,7478.0,,Boss1,[],4041541.0,"['Battle Voice', 'Fight or Flight', 'Radiant Finale', ""The Wanderer's Minuet""]",
141000,141891,Blade of Valor,1000.0,111988.0,,Boss1,['Requiescat'],906290883.0,"['Battle Voice', 'Fight or Flight', 'Radiant Finale', 'Requiescat', ""The Wanderer's Minuet""]",
141378,141910,Auto,90.0,7478.0,,Boss1,[],4041541.0,"['Battle Voice', 'Fight or Flight', 'Radiant Finale', ""The Wanderer's Minuet""]",
129125,142500,Circle of Scorn (dot),30.0,3357.0,,Boss1,[],814009.0,"['Battle Voice', 'Fight or Flight', 'Radiant Finale', ""The Wanderer's Minuet""]",
141625,142785,Blade of Honor,1000.0,111988.0,,Boss1,[],906290883.0,"['Battle Voice', 'Fight or Flight', 'Radiant Finale', ""The Wanderer's Minuet""]",
143618,144150,Auto,90.0,7478.0,,Boss1,[],4041541.0,"['Battle Voice', 'Fight or Flight', 'Radiant Finale', ""The Wanderer's Minuet""]",
143500,144258,Holy Spirit,500.0,55993.0,,Boss1,['Divine Might'],226557544.0,"['Battle Voice', 'Divine Might', 'Fight or Flight', 'Radiant Finale', ""The Wanderer's Minuet""]",
145858,146390,Auto,90.0,7135.0,,Boss1,[],3444526.0,"['Fight or Flight', 'Radiant Finale', ""The Wanderer's Minuet""]",
146000,147290,Sepulchre,540.0,57694.0,,Boss1,[],225189571.0,"['Fight or Flight', 'Radiant Finale', ""The Wanderer's Minuet""]",
148098,148630,Auto,90.0,5385.0,,Boss1,[],1961675.0,"[""The Wanderer's Minuet""]",
148500,149078,Royal Authority,460.0,37093.0,,Boss1,[],93080741.0,"[""The Wanderer's Minuet""]",
150338,150870,Auto,90.0,5385.0,,Boss1,[],1961675.0,"[""The Wanderer's Minuet""]",
151000,152293,Atonement,460.0,37093.0,,Boss1,[],93080741.0,"[""The Wanderer's Minuet""]",
152578,153110,Auto,90.0,5385.0,,Boss1,[],1961675.0,"[""The Wanderer's Minuet""]",
153500,154660,Supplication,500.0,40320.0,,Boss1,[],109980758.0,"[""The Wanderer's Minuet""]",
154818,155350,Auto,90.0,5385.0,,Boss1,[],1961675.0,"[""The Wanderer's Minuet""]",
156000,157290,Sepulchre,540.0,43543.0,,Boss1,[],128268551.0,"[""The Wanderer's Minuet""]",
157058,157590,Auto,90.0,5385.0,,Boss1,[],1961675.0,"[""The Wanderer's Minuet""]",
158500,159258,Holy Spirit,500.0,40320.0,,Boss1,['Divine Might'],109980758.0,"['Divine Might', ""The Wanderer's Minuet""]",
159298,159830,Auto,90.0,5385.0,,Boss1,[],1961675.0,"[""The Wanderer's Minuet""]",
159125,160148,Circle of Scorn,140.0,11284.0,,Boss1,[],8611797.0,"[""The Wanderer's Minuet""]",
159125,160500,Circle of Scorn (dot),30.0,2417.0,,Boss1,[],395185.0,"[""The Wanderer's Minuet""]",
161000,161623,Fast Blade,220.0,17735.0,,Boss1,[],21278822.0,"[""The Wanderer's Minuet""]",
161625,161982,Expiacion,450.0,36288.0,,Boss1,[],89083401.0,"[""The Wanderer's Minuet""]",
161538,162070,Auto,90.0,5385.0,,Boss1,[],1961675.0,"[""The Wanderer's Minuet""]",
159125,163500,Circle of Scorn (dot),30.0,2417.0,,Boss1,[],395185.0,"[""The Wanderer's Minuet""]",
163500,164258,Riot Blade,330.0,26609.0,,Boss1,[],47897679.0,"[""The Wanderer's Minuet""]",
163778,164310,Auto,90.0,5385.0,,Boss1,[],1961675.0,"[""The Wanderer's Minuet""]",
165002,165002,Mage's Ballad,,,,,,,[],
159125,166500,Circle of Scorn (dot),30.0,2417.0,,Boss1,[],395185.0,"[""The Wanderer's Minuet""]",
166018,166550,Auto,90.0,5381.0,,Boss1,[],1925149.0,"[""Mage's Ballad""]",
166000,166578,Royal Authority,460.0,37067.0,,Boss1,[],91336067.0,"[""Mage's Ballad""]",
168258,168790,Auto,90.0,5381.0,,Boss1,[],1925149.0,"[""Mage's Ballad""]",
168500,169123,Fast Blade,220.0,17723.0,,Boss1,[],20880967.0,"[""Mage's Ballad""]",
159125,169500,Circle of Scorn (dot),30.0,2417.0,,Boss1,[],395185.0,"[""The Wanderer's Minuet""]",
170498,171030,Auto,90.0,5381.0,,Boss1,[],1925149.0,"[""Mage's Ballad""]",
171000,171758,Riot Blade,330.0,26590.0,,Boss1,[],47001499.0,"[""Mage's Ballad""]",
159125,172500,Circle of Scorn (dot),30.0,2417.0,,Boss1,[],395185.0,"[""The Wanderer's Minuet""]",
172738,173270,Auto,90.0,5381.0,,Boss1,[],1925149.0,"[""Mage's Ballad""]",
173500,174258,Holy Spirit,500.0,40292.0,,Boss1,['Divine Might'],107923922.0,"['Divine Might', ""Mage's Ballad""]",
174978,175510,Auto,90.0,5381.0,,Boss1,[],1925149.0,"[""Mage's Ballad""]",
176000,177293,Atonement,460.0,37067.0,,Boss1,[],91336067.0,"[""Mage's Ballad""]",
177218,177750,Auto,90.0,5381.0,,Boss1,[],1925149.0,"[""Mage's Ballad""]",
178500,179660,Supplication,500.0,40292.0,,Boss1,[],107923922.0,"[""Mage's Ballad""]",
179458,179990,Auto,90.0,5381.0,,Boss1,[],1925149.0,"[""Mage's Ballad""]",
181698,182230,Auto,90.0,5381.0,,Boss1,[],1925149.0,"[""Mage's Ballad""]",
181000,182290,Sepulchre,540.0,43513.0,,Boss1,[],125862133.0,"[""Mage's Ballad""]",
183500,184078,Royal Authority,460.0,37067.0,,Boss1,[],91336067.0,"[""Mage's Ballad""]",
183938,184470,Auto,90.0,5381.0,,Boss1,[],1925149.0,"[""Mage's Ballad""]",
186625,186625,Fight or Flight,,,,,,,[],
186178,186710,Auto,90.0,5381.0,,Boss1,[],1925149.0,"[""Mage's Ballad""]",
186000,187293,Atonement,460.0,37067.0,,Boss1,[],91336067.0,"[""Mage's Ballad""]",
187250,188540,Imperator,580.0,58422.0,,Boss1,[],226896727.0,"['Fight or Flight', ""Mage's Ballad""]",
188418,188950,Auto,90.0,6727.0,,Boss1,[],3007825.0,"['Fight or Flight', ""Mage's Ballad""]",
188500,189034,Goring Blade,700.0,70512.0,,Boss1,[],330523609.0,"['Fight or Flight', ""Mage's Ballad""]",
189125,190148,Circle of Scorn,140.0,14095.0,,Boss1,[],13203851.0,"['Fight or Flight', ""Mage's Ballad""]",
189125,190500,Circle of Scorn (dot),30.0,3019.0,,Boss1,[],606059.0,"['Fight or Flight', ""Mage's Ballad""]",
190658,191190,Auto,90.0,6727.0,,Boss1,[],3007825.0,"['Fight or Flight', ""Mage's Ballad""]",
191625,191982,Expiacion,450.0,45329.0,,Boss1,[],136584751.0,"['Fight or Flight', ""Mage's Ballad""]",
191000,192160,Supplication,500.0,50366.0,,Boss1,[],168626452.0,"['Fight or Flight', ""Mage's Ballad""]",
192898,193430,Auto,90.0,6727.0,,Boss1,[],3007825.0,"['Fight or Flight', ""Mage's Ballad""]",
189125,193500,Circle of Scorn (dot),30.0,3019.0,,Boss1,[],606059.0,"['Fight or Flight', ""Mage's Ballad""]",
193500,194123,Confiteor,1000.0,100733.0,,Boss1,['Requiescat'],674543513.0,"['Fight or Flight', ""Mage's Ballad"", 'Requiescat']",
194125,194703,Intervene,150.0,15107.0,,Boss1,[],15169345.0,"['Fight or Flight', ""Mage's Ballad""]",
195138,195670,Auto,90.0,6727.0,,Boss1,[],3007825.0,"['Fight or Flight', ""Mage's Ballad""]",
189125,196500,Circle of Scorn (dot),30.0,3019.0,,Boss1,[],606059.0,"['Fight or Flight', ""Mage's Ballad""]",
196000,196666,Blade of Faith,760.0,76559.0,,Boss1,['Requiescat'],389638393.0,"['Fight or Flight', ""Mage's Ballad"", 'Requiescat']",
196625,197203,Intervene,150.0,15107.0,,Boss1,[],15169345.0,"['Fight or Flight', ""Mage's Ballad""]",
197378,197910,Auto,90.0,6727.0,,Boss1,[],3007825.0,"['Fight or Flight', ""Mage's Ballad""]",
198500,199391,Blade of Truth,880.0,88644.0,,Boss1,['Requiescat'],522358192.0,"['Fight or Flight', ""Mage's Ballad"", 'Requiescat']",
189125,199500,Circle of Scorn (dot),30.0,3019.0,,Boss1,[],606059.0,"['Fight or Flight', ""Mage's Ballad""]",
199618,200150,Auto,90.0,6727.0,,Boss1,[],3007825.0,"['Fight or Flight', ""Mage's Ballad""]",
201000,201891,Blade of Valor,1000.0,100733.0,,Boss1,['Requiescat'],674543513.0,"['Fight or Flight', ""Mage's Ballad"", 'Requiescat']",
202353,202353,Army's Paeon,,,,,,,[],
201858,202390,Auto,90.0,6727.0,,Boss1,[],3007825.0,"['Fight or Flight', ""Mage's Ballad""]",
189125,202500,Circle of Scorn (dot),30.0,3019.0,,Boss1,[],606059.0,"['Fight or Flight', ""Mage's Ballad""]",
201625,202785,Blade of Honor,1000.0,100733.0,,Boss1,[],674543513.0,"['Fight or Flight', ""Mage's Ballad""]",
204098,204630,Auto,90.0,6708.0,,Boss1,[],3038492.0,"[""Army's Paeon"", 'Fight or Flight']",
203500,204790,Sepulchre,540.0,54241.0,,Boss1,[],198694828.0,"[""Army's Paeon"", 'Fight or Flight']",
206000,206758,Holy Spirit,500.0,50226.0,,Boss1,['Divine Might'],170370178.0,"[""Army's Paeon"", 'Divine Might', 'Fight or Flight']",
206338,206870,Auto,90.0,6708.0,,Boss1,[],3038492.0,"[""Army's Paeon"", 'Fight or Flight']",
208578,209110,Auto,90.0,5367.0,,Boss1,[],1944803.0,"[""Army's Paeon""]",
208500,209123,Fast Blade,220.0,17674.0,,Boss1,[],21095861.0,"[""Army's Paeon""]",
210818,211350,Auto,90.0,5367.0,,Boss1,[],1944803.0,"[""Army's Paeon""]",
211000,211758,Riot Blade,330.0,26517.0,,Boss1,[],47485779.0,"[""Army's Paeon""]",
213058,213590,Auto,90.0,5367.0,,Boss1,[],1944803.0,"[""Army's Paeon""]",
213500,214078,Royal Authority,460.0,36965.0,,Boss1,[],92280216.0,"[""Army's Paeon""]",
215298,215830,Auto,90.0,5367.0,,Boss1,[],1944803.0,"[""Army's Paeon""]",
216000,216623,Fast Blade,220.0,17674.0,,Boss1,[],21095861.0,"[""Army's Paeon""]",
217538,218070,Auto,90.0,5367.0,,Boss1,[],1944803.0,"[""Army's Paeon""]",
218500,219258,Riot Blade,330.0,26517.0,,Boss1,[],47485779.0,"[""Army's Paeon""]",
219125,220148,Circle of Scorn,140.0,11245.0,,Boss1,[],8537711.0,"[""Army's Paeon""]",
219778,220310,Auto,90.0,5367.0,,Boss1,[],1944803.0,"[""Army's Paeon""]",
219125,220500,Circle of Scorn (dot),30.0,2409.0,,Boss1,[],391781.0,"[""Army's Paeon""]",
221625,221982,Expiacion,450.0,36163.0,,Boss1,[],88317225.0,"[""Army's Paeon""]",
221000,222293,Atonement,460.0,36965.0,,Boss1,[],92280216.0,"[""Army's Paeon""]",
222018,222550,Auto,90.0,5367.0,,Boss1,[],1944803.0,"[""Army's Paeon""]",
219125,223500,Circle of Scorn (dot),30.0,2409.0,,Boss1,[],391781.0,"[""Army's Paeon""]",
223500,224660,Supplication,500.0,40181.0,,Boss1,[],109034954.0,"[""Army's Paeon""]",
224258,224790,Auto,90.0,5367.0,,Boss1,[],1944803.0,"[""Army's Paeon""]",
219125,226500,Circle of Scorn (dot),30.0,2409.0,,Boss1,[],391781.0,"[""Army's Paeon""]",
226498,227030,Auto,90.0,5367.0,,Boss1,[],1944803.0,"[""Army's Paeon""]",
226000,227290,Sepulchre,540.0,43393.0,,Boss1,[],127165499.0,"[""Army's Paeon""]",
228500,229258,Holy Spirit,500.0,40181.0,,Boss1,['Divine Might'],109034954.0,"[""Army's Paeon"", 'Divine Might']",
228738,229270,Auto,90.0,5367.0,,Boss1,[],1944803.0,"[""Army's Paeon""]",
219125,229500,Circle of Scorn (dot),30.0,2409.0,,Boss1,[],391781.0,"[""Army's Paeon""]",
230978,231510,Auto,90.0,5367.0,,Boss1,[],1944803.0,"[""Army's Paeon""]",
231000,231578,Royal Authority,460.0,36965.0,,Boss1,[],92280216.0,"[""Army's Paeon""]",
219125,232500,Circle of Scorn (dot),30.0,2409.0,,Boss1,[],391781.0,"[""Army's Paeon""]",
233218,233750,Auto,90.0,5367.0,,Boss1,[],1944803.0,"[""Army's Paeon""]",
233500,234123,Fast Blade,220.0,17674.0,,Boss1,[],21095861.0,"[""Army's Paeon""]",
235458,235990,Auto,90.0,5367.0,,Boss1,[],1944803.0,"[""Army's Paeon""]",
236000,236758,Riot Blade,330.0,26517.0,,Boss1,[],47485779.0,"[""Army's Paeon""]",
237698,238230,Auto,90.0,5367.0,,Boss1,[],1944803.0,"[""Army's Paeon""]",
238500,239258,Holy Spirit,500.0,40181.0,,Boss1,['Divine Might'],109034954.0,"[""Army's Paeon"", 'Divine Might']",
239938,240470,Auto,90.0,5367.0,,Boss1,[],1944803.0,"[""Army's Paeon""]",
240953,240953,The Wanderer's Minuet,,,,,,,[],
241000,242293,Atonement,460.0,37093.0,,Boss1,[],93080741.0,"[""The Wanderer's Minuet""]",
242178,242710,Auto,90.0,5385.0,,Boss1,[],1961675.0,"[""The Wanderer's Minuet""]",
243500,244660,Supplication,500.0,40320.0,,Boss1,[],109980758.0,"[""The Wanderer's Minuet""]",
244418,244950,Auto,90.0,5385.0,,Boss1,[],1961675.0,"[""The Wanderer's Minuet""]",
245366,245366,Battle Voice,,,,,,,[],245986.0
245986,245986,Radiant Finale,,,,,,,[],246611.0
246625,246625,Fight or Flight,,,,,,,[],
246658,247190,Auto,90.0,5982.0,,Boss1,[],2586407.0,"['Battle Voice', 'Radiant Finale', ""The Wanderer's Minuet""]",
246000,247290,Sepulchre,540.0,45636.0,,Boss1,[],150504949.0,"['Battle Voice', ""The Wanderer's Minuet""]",
247250,248540,Imperator,580.0,64950.0,,Boss1,[],304839939.0,"['Battle Voice', 'Fight or Flight', 'Radiant Finale', ""The Wanderer's Minuet""]",
248500,249034,Goring Blade,700.0,78390.0,,Boss1,[],444075880.0,"['Battle Voice', 'Fight or Flight', 'Radiant Finale', ""The Wanderer's Minuet""]",
248898,249430,Auto,90.0,7478.0,,Boss1,[],4041541.0,"['Battle Voice', 'Fight or Flight', 'Radiant Finale', ""The Wanderer's Minuet""]",
249125,250148,Circle of Scorn,140.0,15669.0,,Boss1,[],17739861.0,"['Battle Voice', 'Fight or Flight', 'Radiant Finale', ""The Wanderer's Minuet""]",
249125,250500,Circle of Scorn (dot),30.0,3357.0,,Boss1,[],814009.0,"['Battle Voice', 'Fight or Flight', 'Radiant Finale', ""The Wanderer's Minuet""]",
251000,251578,Royal Authority,460.0,51511.0,,Boss1,[],191744821.0,"['Battle Voice', 'Fight or Flight', 'Radiant Finale', ""The Wanderer's Minuet""]",
251138,251670,Auto,90.0,7478.0,,Boss1,[],4041541.0,"['Battle Voice', 'Fight or Flight', 'Radiant Finale', ""The Wanderer's Minuet""]",
251625,251982,Expiacion,450.0,50393.0,,Boss1,[],183507573.0,"['Battle Voice', 'Fight or Flight', 'Radiant Finale', ""The Wanderer's Minuet""]",
249125,253500,Circle of Scorn (dot),30.0,3357.0,,Boss1,[],814009.0,"['Battle Voice', 'Fight or Flight', 'Radiant Finale', ""The Wanderer's Minuet""]",
253378,253910,Auto,90.0,7478.0,,Boss1,[],4041541.0,"['Battle Voice', 'Fight or Flight', 'Radiant Finale', ""The Wanderer's Minuet""]",
253500,254123,Confiteor,1000.0,111988.0,,Boss1,['Requiescat'],906290883.0,"['Battle Voice', 'Fight or Flight', 'Radiant Finale', 'Requiescat', ""The Wanderer's Minuet""]",
254125,254703,Intervene,150.0,16795.0,,Boss1,[],20383380.0,"['Battle Voice', 'Fight or Flight', 'Radiant Finale', ""The Wanderer's Minuet""]",
255618,256150,Auto,90.0,7478.0,,Boss1,[],4041541.0,"['Battle Voice', 'Fight or Flight', 'Radiant Finale', ""The Wanderer's Minuet""]",
249125,256500,Circle of Scorn (dot),30.0,3357.0,,Boss1,[],814009.0,"['Battle Voice', 'Fight or Flight', 'Radiant Finale', ""The Wanderer's Minuet""]",
256000,256666,Blade of Faith,760.0,85112.0,,Boss1,['Requiescat'],523489386.0,"['Battle Voice', 'Fight or Flight', 'Radiant Finale', 'Requiescat', ""The Wanderer's Minuet""]",
256625,257203,Intervene,150.0,16795.0,,Boss1,[],20383380.0,"['Battle Voice', 'Fight or Flight', 'Radiant Finale', ""The Wanderer's Minuet""]",
257858,258390,Auto,90.0,7478.0,,Boss1,[],4041541.0,"['Battle Voice', 'Fight or Flight', 'Radiant Finale', ""The Wanderer's Minuet""]",
258500,259391,Blade of Truth,880.0,98548.0,,Boss1,['Requiescat'],701808437.0,"['Battle Voice', 'Fight or Flight', 'Radiant Finale', 'Requiescat', ""The Wanderer's Minuet""]",
249125,259500,Circle of Scorn (dot),30.0,3357.0,,Boss1,[],814009.0,"['Battle Voice', 'Fight or Flight', 'Radiant Finale', ""The Wanderer's Minuet""]",
260098,260630,Auto,90.0,7478.0,,Boss1,[],4041541.0,"['Battle Voice', 'Fight or Flight', 'Radiant Finale', ""The Wanderer's Minuet""]",
261000,261891,Blade of Valor,1000.0,111988.0,,Boss1,['Requiescat'],906290883.0,"['Battle Voice', 'Fight or Flight', 'Radiant Finale', 'Requiescat', ""The Wanderer's Minuet""]",
249125,262500,Circle of Scorn (dot),30.0,3357.0,,Boss1,[],814009.0,"['Battle Voice', 'Fight or Flight', 'Radiant Finale', ""The Wanderer's Minuet""]",
261625,262785,Blade of Honor,1000.0,111988.0,,Boss1,[],906290883.0,"['Battle Voice', 'Fight or Flight', 'Radiant Finale', ""The Wanderer's Minuet""]",
262338,262870,Auto,90.0,7478.0,,Boss1,[],4041541.0,"['Battle Voice', 'Fight or Flight', 'Radiant Finale', ""The Wanderer's Minuet""]",
263500,264258,Holy Spirit,500.0,55993.0,,Boss1,['Divine Might'],226557544.0,"['Battle Voice', 'Divine Might', 'Fight or Flight', 'Radiant Finale', ""The Wanderer's Minuet""]",
264578,265110,Auto,90.0,7478.0,,Boss1,[],4041541.0,"['Battle Voice', 'Fight or Flight', 'Radiant Finale', ""The Wanderer's Minuet""]",
266000,267293,Atonement,460.0,49148.0,,Boss1,[],163415515.0,"['Fight or Flight', 'Radiant Finale', ""The Wanderer's Minuet""]",
266818,267350,Auto,90.0,6732.0,,Boss1,[],3064833.0,"['Fight or Flight', ""The Wanderer's Minuet""]",
269058,269590,Auto,90.0,5385.0,,Boss1,[],1961675.0,"[""The Wanderer's Minuet""]",
268500,269660,Supplication,500.0,40320.0,,Boss1,[],109980758.0,"[""The Wanderer's Minuet""]",
271298,271830,Auto,90.0,5385.0,,Boss1,[],1961675.0,"[""The Wanderer's Minuet""]",
271000,272290,Sepulchre,540.0,43543.0,,Boss1,[],128268551.0,"[""The Wanderer's Minuet""]",
273538,274070,Auto,90.0,5385.0,,Boss1,[],1961675.0,"[""The Wanderer's Minuet""]",
273500,274123,Fast Blade,220.0,17735.0,,Boss1,[],21278822.0,"[""The Wanderer's Minuet""]",
275778,276310,Auto,90.0,5385.0,,Boss1,[],1961675.0,"[""The Wanderer's Minuet""]",
276000,276758,Riot Blade,330.0,26609.0,,Boss1,[],47897679.0,"[""The Wanderer's Minuet""]",
278018,278550,Auto,90.0,5385.0,,Boss1,[],1961675.0,"[""The Wanderer's Minuet""]",
278500,279078,Royal Authority,460.0,37093.0,,Boss1,[],93080741.0,"[""The Wanderer's Minuet""]",
279125,280148,Circle of Scorn,140.0,11284.0,,Boss1,[],8611797.0,"[""The Wanderer's Minuet""]",
279125,280500,Circle of Scorn (dot),30.0,2417.0,,Boss1,[],395185.0,"[""The Wanderer's Minuet""]",
280258,280790,Auto,90.0,5385.0,,Boss1,[],1961675.0,"[""The Wanderer's Minuet""]",
281000,281623,Fast Blade,220.0,17735.0,,Boss1,[],21278822.0,"[""The Wanderer's Minuet""]",
281625,281982,Expiacion,450.0,36288.0,,Boss1,[],89083401.0,"[""The Wanderer's Minuet""]",
282498,283030,Auto,90.0,5385.0,,Boss1,[],1961675.0,"[""The Wanderer's Minuet""]",
279125,283500,Circle of Scorn (dot),30.0,2417.0,,Boss1,[],395185.0,"[""The Wanderer's Minuet""]",
283500,284258,Riot Blade,330.0,26609.0,,Boss1,[],47897679.0,"[""The Wanderer's Minuet""]",
285002,285002,Mage's Ballad,,,,,,,[],
284738,285270,Auto,90.0,5385.0,,Boss1,[],1961675.0,"[""The Wanderer's Minuet""]",
279125,286500,Circle of Scorn (dot),30.0,2417.0,,Boss1,[],395185.0,"[""The Wanderer's Minuet""]",
286000,287293,Atonement,460.0,37067.0,,Boss1,[],91336067.0,"[""Mage's Ballad""]",
286978,287510,Auto,90.0,5381.0,,Boss1,[],1925149.0,"[""Mage's Ballad""]",
279125,289500,Circle of Scorn (dot),30.0,2417.0,,Boss1,[],395185.0,"[""The Wanderer's Minuet""]",
288500,289660,Supplication,500.0,40292.0,,Boss1,[],107923922.0,"[""Mage's Ballad""]",
289218,289750,Auto,90.0,5381.0,,Boss1,[],1925149.0,"[""Mage's Ballad""]",
291458,291990,Auto,90.0,5381.0,,Boss1,[],1925149.0,"[""Mage's Ballad""]",
291000,292290,Sepulchre,540.0,43513.0,,Boss1,[],125862133.0,"[""Mage's Ballad""]",
279125,292500,Circle of Scorn (dot),30.0,2417.0,,Boss1,[],395185.0,"[""The Wanderer's Minuet""]",
293698,294230,Auto,90.0,5381.0,,Boss1,[],1925149.0,"[""Mage's Ballad""]",
293500,294258,Holy Spirit,500.0,40292.0,,Boss1,['Divine Might'],107923922.0,"['Divine Might', ""Mage's Ballad""]",
295938,296470,Auto,90.0,5381.0,,Boss1,[],1925149.0,"[""Mage's Ballad""]",
296000,296578,Royal Authority,460.0,37067.0,,Boss1,[],91336067.0,"[""Mage's Ballad""]",
298178,298710,Auto,90.0,5381.0,,Boss1,[],1925149.0,"[""Mage's Ballad""]",
298500,299123,Fast Blade,220.0,17723.0,,Boss1,[],20880967.0,"[""Mage's Ballad""]",
300418,300950,Auto,90.0,5381.0,,Boss1,[],1925149.0,"[""Mage's Ballad""]",
301000,301758,Riot Blade,330.0,26590.0,,Boss1,[],47001499.0,"[""Mage's Ballad""]",
302658,303190,Auto,90.0,5381.0,,Boss1,[],1925149.0,"[""Mage's Ballad""]",
303500,304793,Atonement,460.0,37067.0,,Boss1,[],91336067.0,"[""Mage's Ballad""]",
304898,305430,Auto,90.0,5381.0,,Boss1,[],1925149.0,"[""Mage's Ballad""]",
306625,306625,Fight or Flight,,,,,,,[],
306000,307160,Supplication,500.0,40292.0,,Boss1,[],107923922.0,"[""Mage's Ballad""]",
307138,307670,Auto,90.0,5381.0,,Boss1,[],1925149.0,"[""Mage's Ballad""]",
307250,308540,Imperator,580.0,58422.0,,Boss1,[],226896727.0,"['Fight or Flight', ""Mage's Ballad""]",
308500,309034,Goring Blade,700.0,70512.0,,Boss1,[],330523609.0,"['Fight or Flight', ""Mage's Ballad""]",
309378,309910,Auto,90.0,6727.0,,Boss1,[],3007825.0,"['Fight or Flight', ""Mage's Ballad""]",
309125,310148,Circle of Scorn,140.0,14095.0,,Boss1,[],13203851.0,"['Fight or Flight', ""Mage's Ballad""]",
309125,310500,Circle of Scorn (dot),30.0,3019.0,,Boss1,[],606059.0,"['Fight or Flight', ""Mage's Ballad""]",
311625,311982,Expiacion,450.0,45329.0,,Boss1,[],136584751.0,"['Fight or Flight', ""Mage's Ballad""]",
311618,312150,Auto,90.0,6727.0,,Boss1,[],3007825.0,"['Fight or Flight', ""Mage's Ballad""]",
311000,312290,Sepulchre,540.0,54391.0,,Boss1,[],196667498.0,"['Fight or Flight', ""Mage's Ballad""]",
309125,313500,Circle of Scorn (dot),30.0,3019.0,,Boss1,[],606059.0,"['Fight or Flight', ""Mage's Ballad""]",
313500,314123,Confiteor,1000.0,100733.0,,Boss1,['Requiescat'],674543513.0,"['Fight or Flight', ""Mage's Ballad"", 'Requiescat']",
313858,314390,Auto,90.0,6727.0,,Boss1,[],3007825.0,"['Fight or Flight', ""Mage's Ballad""]",
314125,314703,Intervene,150.0,15107.0,,Boss1,[],15169345.0,"['Fight or Flight', ""Mage's Ballad""]",
309125,316500,Circle of Scorn (dot),30.0,3019.0,,Boss1,[],606059.0,"['Fight or Flight', ""Mage's Ballad""]",
316098,316630,Auto,90.0,6727.0,,Boss1,[],3007825.0,"['Fight or Flight', ""Mage's Ballad""]",
316000,316666,Blade of Faith,760.0,76559.0,,Boss1,['Requiescat'],389638393.0,"['Fight or Flight', ""Mage's Ballad"", 'Requiescat']",
316625,317203,Intervene,150.0,15107.0,,Boss1,[],15169345.0,"['Fight or Flight', ""Mage's Ballad""]",
318338,318870,Auto,90.0,6727.0,,Boss1,[],3007825.0,"['Fight or Flight', ""Mage's Ballad""]",
318500,319391,Blade of Truth,880.0,88644.0,,Boss1,['Requiescat'],522358192.0,"['Fight or Flight', ""Mage's Ballad"", 'Requiescat']",
309125,319500,Circle of Scorn (dot),30.0,3019.0,,Boss1,[],606059.0,"['Fight or Flight', ""Mage's Ballad""]",
320578,321110,Auto,90.0,6727.0,,Boss1,[],3007825.0,"['Fight or Flight', ""Mage's Ballad""]",
321000,321891,Blade of Valor,1000.0,100733.0,,Boss1,['Requiescat'],674543513.0,"['Fight or Flight', ""Mage's Ballad"", 'Requiescat']",
322353,322353,Army's Paeon,,,,,,,[],
309125,322500,Circle of Scorn (dot),30.0,3019.0,,Boss1,[],606059.0,"['Fight or Flight', ""Mage's Ballad""]",
321625,322785,Blade of Honor,1000.0,100733.0,,Boss1,[],674543513.0,"['Fight or Flight', ""Mage's Ballad""]",
322818,323350,Auto,90.0,6708.0,,Boss1,[],3038492.0,"[""Army's Paeon"", 'Fight or Flight']",
323500,324258,Holy Spirit,500.0,50226.0,,Boss1,['Divine Might'],170370178.0,"[""Army's Paeon"", 'Divine Might', 'Fight or Flight']",
325058,325590,Auto,90.0,6708.0,,Boss1,[],3038492.0,"[""Army's Paeon"", 'Fight or Flight']",
326000,326578,Royal Authority,460.0,46206.0,,Boss1,[],144189478.0,"[""Army's Paeon"", 'Fight or Flight']",
327298,327830,Auto,90.0,5367.0,,Boss1,[],1944803.0,"[""Army's Paeon""]",
328500,329793,Atonement,460.0,36965.0,,Boss1,[],92280216.0,"[""Army's Paeon""]",
329538,330070,Auto,90.0,5367.0,,Boss1,[],1944803.0,"[""Army's Paeon""]",
331000,332160,Supplication,500.0,40181.0,,Boss1,[],109034954.0,"[""Army's Paeon""]",
331778,332310,Auto,90.0,5367.0,,Boss1,[],1944803.0,"[""Army's Paeon""]",
334018,334550,Auto,90.0,5367.0,,Boss1,[],1944803.0,"[""Army's Paeon""]",
333500,334790,Sepulchre,540.0,43393.0,,Boss1,[],127165499.0,"[""Army's Paeon""]",
336000,336758,Holy Spirit,500.0,40181.0,,Boss1,['Divine Might'],109034954.0,"[""Army's Paeon"", 'Divine Might']",
336258,336790,Auto,90.0,5367.0,,Boss1,[],1944803.0,"[""Army's Paeon""]",
338498,339030,Auto,90.0,5367.0,,Boss1,[],1944803.0,"[""Army's Paeon""]",
338500,339123,Fast Blade,220.0,17674.0,,Boss1,[],21095861.0,"[""Army's Paeon""]",
339125,340148,Circle of Scorn,140.0,11245.0,,Boss1,[],8537711.0,"[""Army's Paeon""]",
339125,340500,Circle of Scorn (dot),30.0,2409.0,,Boss1,[],391781.0,"[""Army's Paeon""]",
340738,341270,Auto,90.0,5367.0,,Boss1,[],1944803.0,"[""Army's Paeon""]",
341000,341758,Riot Blade,330.0,26517.0,,Boss1,[],47485779.0,"[""Army's Paeon""]",
341625,341982,Expiacion,450.0,36163.0,,Boss1,[],88317225.0,"[""Army's Paeon""]",
339125,343500,Circle of Scorn (dot),30.0,2409.0,,Boss1,[],391781.0,"[""Army's Paeon""]",
342978,343510,Auto,90.0,5367.0,,Boss1,[],1944803.0,"[""Army's Paeon""]",
343500,344078,Royal Authority,460.0,36965.0,,Boss1,[],92280216.0,"[""Army's Paeon""]",
345218,345750,Auto,90.0,5367.0,,Boss1,[],1944803.0,"[""Army's Paeon""]",
339125,346500,Circle of Scorn (dot),30.0,2409.0,,Boss1,[],391781.0,"[""Army's Paeon""]",
346000,346623,Fast Blade,220.0,17674.0,,Boss1,[],21095861.0,"[""Army's Paeon""]",
347458,347990,Auto,90.0,5367.0,,Boss1,[],1944803.0,"[""Army's Paeon""]",
348500,349258,Riot Blade,330.0,26517.0,,Boss1,[],47485779.0,"[""Army's Paeon""]",
339125,349500,Circle of Scorn (dot),30.0,2409.0,,Boss1,[],391781.0,"[""Army's Paeon""]",
349698,350230,Auto,90.0,5367.0,,Boss1,[],1944803.0,"[""Army's Paeon""]",
351000,352293,Atonement,460.0,36965.0,,Boss1,[],92280216.0,"[""Army's Paeon""]",
351938,352470,Auto,90.0,5367.0,,Boss1,[],1944803.0,"[""Army's Paeon""]",
339125,352500,Circle of Scorn (dot),30.0,2409.0,,Boss1,[],391781.0,"[""Army's Paeon""]",
353500,354660,Supplication,500.0,40181.0,,Boss1,[],109034954.0,"[""Army's Paeon""]",
354178,354710,Auto,90.0,5367.0,,Boss1,[],1944803.0,"[""Army's Paeon""]",
356418,356950,Auto,90.0,5367.0,,Boss1,[],1944803.0,"[""Army's Paeon""]",
356000,357290,Sepulchre,540.0,43393.0,,Boss1,[],127165499.0,"[""Army's Paeon""]",
358658,359190,Auto,90.0,5367.0,,Boss1,[],1944803.0,"[""Army's Paeon""]",
358500,359258,Holy Spirit,500.0,40181.0,,Boss1,['Divine Might'],109034954.0,"[""Army's Paeon"", 'Divine Might']",
360953,360953,The Wanderer's Minuet,,,,,,,[],
360898,361430,Auto,90.0,5367.0,,Boss1,[],1944803.0,"[""Army's Paeon""]",
361000,361578,Royal Authority,460.0,37093.0,,Boss1,[],93080741.0,"[""The Wanderer's Minuet""]",
363138,363670,Auto,90.0,5385.0,,Boss1,[],1961675.0,"[""The Wanderer's Minuet""]",
363500,364123,Fast Blade,220.0,17735.0,,Boss1,[],21278822.0,"[""The Wanderer's Minuet""]",
364125,364125,Grade 4 Gemdraught,,,,,,,[],
365366,365366,Battle Voice,,,,,,,[],365986.0
365378,365910,Auto,90.0,5829.0,,Boss1,[],2297940.0,"['Grade 4 Gemdraught', ""The Wanderer's Minuet""]",
365986,365986,Radiant Finale,,,,,,,[],366611.0
366625,366625,Fight or Flight,,,,,,,[],
366000,367293,Atonement,460.0,42073.0,,Boss1,[],127909008.0,"['Battle Voice', 'Grade 4 Gemdraught', ""The Wanderer's Minuet""]",
367618,368150,Auto,90.0,8094.0,,Boss1,[],4733388.0,"['Battle Voice', 'Fight or Flight', 'Grade 4 Gemdraught', 'Radiant Finale', ""The Wanderer's Minuet""]",
367250,368540,Imperator,580.0,70292.0,,Boss1,[],357050174.0,"['Battle Voice', 'Fight or Flight', 'Grade 4 Gemdraught', 'Radiant Finale', ""The Wanderer's Minuet""]",
368500,369034,Goring Blade,700.0,84834.0,,Boss1,[],520079436.0,"['Battle Voice', 'Fight or Flight', 'Grade 4 Gemdraught', 'Radiant Finale', ""The Wanderer's Minuet""]",
369125,370148,Circle of Scorn,140.0,16956.0,,Boss1,[],20775444.0,"['Battle Voice', 'Fight or Flight', 'Grade 4 Gemdraught', 'Radiant Finale', ""The Wanderer's Minuet""]",
369858,370390,Auto,90.0,8094.0,,Boss1,[],4733388.0,"['Battle Voice', 'Fight or Flight', 'Grade 4 Gemdraught', 'Radiant Finale', ""The Wanderer's Minuet""]",
369125,370500,Circle of Scorn (dot),30.0,3629.0,,Boss1,[],951829.0,"['Battle Voice', 'Fight or Flight', 'Grade 4 Gemdraught', 'Radiant Finale', ""The Wanderer's Minuet""]",
371625,371982,Expiacion,450.0,54530.0,,Boss1,[],214889121.0,"['Battle Voice', 'Fight or Flight', 'Grade 4 Gemdraught', 'Radiant Finale', ""The Wanderer's Minuet""]",
371000,372160,Supplication,500.0,60594.0,,Boss1,[],265344065.0,"['Battle Voice', 'Fight or Flight', 'Grade 4 Gemdraught', 'Radiant Finale', ""The Wanderer's Minuet""]",
372098,372630,Auto,90.0,8094.0,,Boss1,[],4733388.0,"['Battle Voice', 'Fight or Flight', 'Grade 4 Gemdraught', 'Radiant Finale', ""The Wanderer's Minuet""]",
369125,373500,Circle of Scorn (dot),30.0,3629.0,,Boss1,[],951829.0,"['Battle Voice', 'Fight or Flight', 'Grade 4 Gemdraught', 'Radiant Finale', ""The Wanderer's Minuet""]",
373500,374123,Confiteor,1000.0,121196.0,,Boss1,['Requiescat'],1061445898.0,"['Battle Voice', 'Fight or Flight', 'Grade 4 Gemdraught', 'Radiant Finale', 'Requiescat', ""The Wanderer's Minuet""]",
374125,374703,Intervene,150.0,18172.0,,Boss1,[],23862064.0,"['Battle Voice', 'Fight or Flight', 'Grade 4 Gemdraught', 'Radiant Finale', ""The Wanderer's Minuet""]",
374338,374870,Auto,90.0,8094.0,,Boss1,[],4733388.0,"['Battle Voice', 'Fight or Flight', 'Grade 4 Gemdraught', 'Radiant Finale', ""The Wanderer's Minuet""]",
369125,376500,Circle of Scorn (dot),30.0,3629.0,,Boss1,[],951829.0,"['Battle Voice', 'Fight or Flight', 'Grade 4 Gemdraught', 'Radiant Finale', ""The Wanderer's Minuet""]",
376000,376666,Blade of Faith,760.0,92107.0,,Boss1,['Requiescat'],613073976.0,"['Battle Voice', 'Fight or Flight', 'Grade 4 Gemdraught', 'Radiant Finale', 'Requiescat', ""The Wanderer's Minuet""]",
376578,377110,Auto,90.0,8094.0,,Boss1,[],4733388.0,"['Battle Voice', 'Fight or Flight', 'Grade 4 Gemdraught', 'Radiant Finale', ""The Wanderer's Minuet""]",
376625,377203,Intervene,150.0,18172.0,,Boss1,[],23862064.0,"['Battle Voice', 'Fight or Flight', 'Grade 4 Gemdraught', 'Radiant Finale', ""The Wanderer's Minuet""]",
378818,379350,Auto,90.0,8094.0,,Boss1,[],4733388.0,"['Battle Voice', 'Fight or Flight', 'Grade 4 Gemdraught', 'Radiant Finale', ""The Wanderer's Minuet""]",
378500,379391,Blade of Truth,880.0,106650.0,,Boss1,['Requiescat'],821960629.0,"['Battle Voice', 'Fight or Flight', 'Grade 4 Gemdraught', 'Radiant Finale', 'Requiescat', ""The Wanderer's Minuet""]",
369125,379500,Circle of Scorn (dot),30.0,3629.0,,Boss1,[],951829.0,"['Battle Voice', 'Fight or Flight', 'Grade 4 Gemdraught', 'Radiant Finale', ""The Wanderer's Minuet""]",
381058,381590,Auto,90.0,8094.0,,Boss1,[],4733388.0,"['Battle Voice', 'Fight or Flight', 'Grade 4 Gemdraught', 'Radiant Finale', ""The Wanderer's Minuet""]",
381000,381891,Blade of Valor,1000.0,121196.0,,Boss1,['Requiescat'],1061445898.0,"['Battle Voice', 'Fight or Flight', 'Grade 4 Gemdraught', 'Radiant Finale', 'Requiescat', ""The Wanderer's Minuet""]",
369125,382500,Circle of Scorn (dot),30.0,3629.0,,Boss1,[],951829.0,"['Battle Voice', 'Fight or Flight', 'Grade 4 Gemdraught', 'Radiant Finale', ""The Wanderer's Minuet""]",
381625,382785,Blade of Honor,1000.0,121196.0,,Boss1,[],1061445898.0,"['Battle Voice', 'Fight or Flight', 'Grade 4 Gemdraught', 'Radiant Finale', ""The Wanderer's Minuet""]",
383298,383830,Auto,90.0,8094.0,,Boss1,[],4733388.0,"['Battle Voice', 'Fight or Flight', 'Grade 4 Gemdraught', 'Radiant Finale', ""The Wanderer's Minuet""]",
383500,384258,Holy Spirit,500.0,60594.0,,Boss1,['Divine Might'],265344065.0,"['Battle Voice', 'Divine Might', 'Fight or Flight', 'Grade 4 Gemdraught', 'Radiant Finale', ""The Wanderer's Minuet""]",
385538,386070,Auto,90.0,8094.0,,Boss1,[],4733388.0,"['Battle Voice', 'Fight or Flight', 'Grade 4 Gemdraught', 'Radiant Finale', ""The Wanderer's Minuet""]",
386000,387290,Sepulchre,540.0,62438.0,,Boss1,[],263740920.0,"['Fight or Flight', 'Grade 4 Gemdraught', 'Radiant Finale', ""The Wanderer's Minuet""]",
387778,388310,Auto,90.0,5829.0,,Boss1,[],2297940.0,"['Grade 4 Gemdraught', ""The Wanderer's Minuet""]",
388500,389258,Riot Blade,330.0,28795.0,,Boss1,[],56091954.0,"['Grade 4 Gemdraught', ""The Wanderer's Minuet""]",
390018,390550,Auto,90.0,5829.0,,Boss1,[],2297940.0,"['Grade 4 Gemdraught', ""The Wanderer's Minuet""]",
391000,391578,Royal Authority,460.0,40143.0,,Boss1,[],109011793.0,"['Grade 4 Gemdraught', ""The Wanderer's Minuet""]",
392258,392790,Auto,90.0,5829.0,,Boss1,[],2297940.0,"['Grade 4 Gemdraught', ""The Wanderer's Minuet""]",
393500,394258,Holy Spirit,500.0,43634.0,,Boss1,['Divine Might'],128807770.0,"['Divine Might', 'Grade 4 Gemdraught', ""The Wanderer's Minuet""]",
394498,395030,Auto,90.0,5829.0,,Boss1,[],2297940.0,"['Grade 4 Gemdraught', ""The Wanderer's Minuet""]",
396738,397270,Auto,90.0,5385.0,,Boss1,[],1961675.0,"[""The Wanderer's Minuet""]",
396000,397293,Atonement,460.0,37093.0,,Boss1,[],93080741.0,"[""The Wanderer's Minuet""]",
398978,399510,Auto,90.0,5385.0,,Boss1,[],1961675.0,"[""The Wanderer's Minuet""]",
398500,399660,Supplication,500.0,40320.0,,Boss1,[],109980758.0,"[""The Wanderer's Minuet""]",
399125,400148,Circle of Scorn,140.0,11284.0,,Boss1,[],8611797.0,"[""The Wanderer's Minuet""]",
399125,400500,Circle of Scorn (dot),30.0,2417.0,,Boss1,[],395185.0,"[""The Wanderer's Minuet""]",
401218,401750,Auto,90.0,5385.0,,Boss1,[],1961675.0,"[""The Wanderer's Minuet""]",
401625,401982,Expiacion,450.0,36288.0,,Boss1,[],89083401.0,"[""The Wanderer's Minuet""]",
401000,402290,Sepulchre,540.0,43543.0,,Boss1,[],128268551.0,"[""The Wanderer's Minuet""]",
399125,403500,Circle of Scorn (dot),30.0,2417.0,,Boss1,[],395185.0,"[""The Wanderer's Minuet""]",
403458,403990,Auto,90.0,5385.0,,Boss1,[],1961675.0,"[""The Wanderer's Minuet""]",
403500,404123,Fast Blade,220.0,17735.0,,Boss1,[],21278822.0,"[""The Wanderer's Minuet""]",
405002,405002,Mage's Ballad,,,,,,,[],
405698,406230,Auto,90.0,5381.0,,Boss1,[],1925149.0,"[""Mage's Ballad""]",
399125,406500,Circle of Scorn (dot),30.0,2417.0,,Boss1,[],395185.0,"[""The Wanderer's Minuet""]",
406000,406758,Riot Blade,330.0,26590.0,,Boss1,[],47001499.0,"[""Mage's Ballad""]",
407938,408470,Auto,90.0,5381.0,,Boss1,[],1925149.0,"[""Mage's Ballad""]",
408500,409078,Royal Authority,460.0,37067.0,,Boss1,[],91336067.0,"[""Mage's Ballad""]",
399125,409500,Circle of Scorn (dot),30.0,2417.0,,Boss1,[],395185.0,"[""The Wanderer's Minuet""]",
410178,410710,Auto,90.0,5381.0,,Boss1,[],1925149.0,"[""Mage's Ballad""]",
411000,411623,Fast Blade,220.0,17723.0,,Boss1,[],20880967.0,"[""Mage's Ballad""]",
399125,412500,Circle of Scorn (dot),30.0,2417.0,,Boss1,[],395185.0,"[""The Wanderer's Minuet""]",
412418,412950,Auto,90.0,5381.0,,Boss1,[],1925149.0,"[""Mage's Ballad""]",
413500,414258,Riot Blade,330.0,26590.0,,Boss1,[],47001499.0,"[""Mage's Ballad""]",
414658,415190,Auto,90.0,5381.0,,Boss1,[],1925149.0,"[""Mage's Ballad""]",
416000,416758,Holy Spirit,500.0,40292.0,,Boss1,['Divine Might'],107923922.0,"['Divine Might', ""Mage's Ballad""]",
416898,417430,Auto,90.0,5381.0,,Boss1,[],1925149.0,"[""Mage's Ballad""]",
419138,419670,Auto,90.0,5381.0,,Boss1,[],1925149.0,"[""Mage's Ballad""]",
418500,419793,Atonement,460.0,37067.0,,Boss1,[],91336067.0,"[""Mage's Ballad""]",
421378,421910,Auto,90.0,5381.0,,Boss1,[],1925149.0,"[""Mage's Ballad""]",
421000,422160,Supplication,500.0,40292.0,,Boss1,[],107923922.0,"[""Mage's Ballad""]",
423618,424150,Auto,90.0,5381.0,,Boss1,[],1925149.0,"[""Mage's Ballad""]",
423500,424790,Sepulchre,540.0,43513.0,,Boss1,[],125862133.0,"[""Mage's Ballad""]",
425858,426390,Auto,90.0,5381.0,,Boss1,[],1925149.0,"[""Mage's Ballad""]",
426000,426578,Royal Authority,460.0,37067.0,,Boss1,[],91336067.0,"[""Mage's Ballad""]",
426625,426625,Fight or Flight,,,,,,,[],
427250,428540,Imperator,580.0,58422.0,,Boss1,[],226896727.0,"['Fight or Flight', ""Mage's Ballad""]",
428098,428630,Auto,90.0,6727.0,,Boss1,[],3007825.0,"['Fight or Flight', ""Mage's Ballad""]",
428500,429034,Goring Blade,700.0,70512.0,,Boss1,[],330523609.0,"['Fight or Flight', ""Mage's Ballad""]",
429125,430148,Circle of Scorn,140.0,14095.0,,Boss1,[],13203851.0,"['Fight or Flight', ""Mage's Ballad""]",
429125,430500,Circle of Scorn (dot),30.0,3019.0,,Boss1,[],606059.0,"['Fight or Flight', ""Mage's Ballad""]",
430338,430870,Auto,90.0,6727.0,,Boss1,[],3007825.0,"['Fight or Flight', ""Mage's Ballad""]",
431625,431982,Expiacion,450.0,45329.0,,Boss1,[],136584751.0,"['Fight or Flight', ""Mage's Ballad""]",
431000,432293,Atonement,460.0,46334.0,,Boss1,[],142712969.0,"['Fight or Flight', ""Mage's Ballad""]",
432578,433110,Auto,90.0,6727.0,,Boss1,[],3007825.0,"['Fight or Flight', ""Mage's Ballad""]",
429125,433500,Circle of Scorn (dot),30.0,3019.0,,Boss1,[],606059.0,"['Fight or Flight', ""Mage's Ballad""]",
433500,434123,Confiteor,1000.0,100733.0,,Boss1,['Requiescat'],674543513.0,"['Fight or Flight', ""Mage's Ballad"", 'Requiescat']",
434125,434703,Intervene,150.0,15107.0,,Boss1,[],15169345.0,"['Fight or Flight', ""Mage's Ballad""]",
434818,435350,Auto,90.0,6727.0,,Boss1,[],3007825.0,"['Fight or Flight', ""Mage's Ballad""]",
429125,436500,Circle of Scorn (dot),30.0,3019.0,,Boss1,[],606059.0,"['Fight or Flight', ""Mage's Ballad""]",
436000,436666,Blade of Faith,760.0,76559.0,,Boss1,['Requiescat'],389638393.0,"['Fight or Flight', ""Mage's Ballad"", 'Requiescat']",
436625,437203,Intervene,150.0,15107.0,,Boss1,[],15169345.0,"['Fight or Flight', ""Mage's Ballad""]",
437058,437590,Auto,90.0,6727.0,,Boss1,[],3007825.0,"['Fight or Flight', ""Mage's Ballad""]",
438500,439391,Blade of Truth,880.0,88644.0,,Boss1,['Requiescat'],522358192.0,"['Fight or Flight', ""Mage's Ballad"", 'Requiescat']",
429125,439500,Circle of Scorn (dot),30.0,3019.0,,Boss1,[],606059.0,"['Fight or Flight', ""Mage's Ballad""]",
439298,439830,Auto,90.0,6727.0,,Boss1,[],3007825.0,"['Fight or Flight', ""Mage's Ballad""]",
441000,441891,Blade of Valor,1000.0,100733.0,,Boss1,['Requiescat'],674543513.0,"['Fight or Flight', ""Mage's Ballad"", 'Requiescat']",
441538,442070,Auto,90.0,6727.0,,Boss1,[],3007825.0,"['Fight or Flight', ""Mage's Ballad""]",
442353,442353,Army's Paeon,,,,,,,[],
429125,442500,Circle of Scorn (dot),30.0,3019.0,,Boss1,[],606059.0,"['Fight or Flight', ""Mage's Ballad""]",
441625,442785,Blade of Honor,1000.0,100733.0,,Boss1,[],674543513.0,"['Fight or Flight', ""Mage's Ballad""]",
443500,444258,Holy Spirit,500.0,50226.0,,Boss1,['Divine Might'],170370178.0,"[""Army's Paeon"", 'Divine Might', 'Fight or Flight']",
443778,444310,Auto,90.0,6708.0,,Boss1,[],3038492.0,"[""Army's Paeon"", 'Fight or Flight']",
446018,446550,Auto,90.0,6708.0,,Boss1,[],3038492.0,"[""Army's Paeon"", 'Fight or Flight']",
446000,447160,Supplication,500.0,50226.0,,Boss1,[],170370178.0,"[""Army's Paeon"", 'Fight or Flight']",
448258,448790,Auto,90.0,5367.0,,Boss1,[],1944803.0,"[""Army's Paeon""]",
448500,449790,Sepulchre,540.0,43393.0,,Boss1,[],127165499.0,"[""Army's Paeon""]",
450498,451030,Auto,90.0,5367.0,,Boss1,[],1944803.0,"[""Army's Paeon""]",
451000,451623,Fast Blade,220.0,17674.0,,Boss1,[],21095861.0,"[""Army's Paeon""]",
452738,453270,Auto,90.0,5367.0,,Boss1,[],1944803.0,"[""Army's Paeon""]",
453500,454258,Riot Blade,330.0,26517.0,,Boss1,[],47485779.0,"[""Army's Paeon""]",
454978,455510,Auto,90.0,5367.0,,Boss1,[],1944803.0,"[""Army's Paeon""]",
456000,456578,Royal Authority,460.0,36965.0,,Boss1,[],92280216.0,"[""Army's Paeon""]",
457218,457750,Auto,90.0,5367.0,,Boss1,[],1944803.0,"[""Army's Paeon""]",
458500,459793,Atonement,460.0,36965.0,,Boss1,[],92280216.0,"[""Army's Paeon""]",
459458,459990,Auto,90.0,5367.0,,Boss1,[],1944803.0,"[""Army's Paeon""]",
459125,460148,Circle of Scorn,140.0,11245.0,,Boss1,[],8537711.0,"[""Army's Paeon""]",
459125,460500,Circle of Scorn (dot),30.0,2409.0,,Boss1,[],391781.0,"[""Army's Paeon""]",
461625,461982,Expiacion,450.0,36163.0,,Boss1,[],88317225.0,"[""Army's Paeon""]",
461000,462160,Supplication,500.0,40181.0,,Boss1,[],109034954.0,"[""Army's Paeon""]",
461698,462230,Auto,90.0,5367.0,,Boss1,[],1944803.0,"[""Army's Paeon""]",
459125,463500,Circle of Scorn (dot),30.0,2409.0,,Boss1,[],391781.0,"[""Army's Paeon""]",
463938,464470,Auto,90.0,5367.0,,Boss1,[],1944803.0,"[""Army's Paeon""]",
463500,464790,Sepulchre,540.0,43393.0,,Boss1,[],127165499.0,"[""Army's Paeon""]",
459125,466500,Circle of Scorn (dot),30.0,2409.0,,Boss1,[],391781.0,"[""Army's Paeon""]",
466178,466710,Auto,90.0,5367.0,,Boss1,[],1944803.0,"[""Army's Paeon""]",
466000,466758,Holy Spirit,500.0,40181.0,,Boss1,['Divine Might'],109034954.0,"[""Army's Paeon"", 'Divine Might']",
468418,468950,Auto,90.0,5367.0,,Boss1,[],1944803.0,"[""Army's Paeon""]",
468500,469123,Fast Blade,220.0,17674.0,,Boss1,[],21095861.0,"[""Army's Paeon""]",
459125,469500,Circle of Scorn (dot),30.0,2409.0,,Boss1,[],391781.0,"[""Army's Paeon""]",
470658,471190,Auto,90.0,5367.0,,Boss1,[],1944803.0,"[""Army's Paeon""]",
471000,471758,Riot Blade,330.0,26517.0,,Boss1,[],47485779.0,"[""Army's Paeon""]",
459125,472500,Circle of Scorn (dot),30.0,2409.0,,Boss1,[],391781.0,"[""Army's Paeon""]",
472898,473430,Auto,90.0,5367.0,,Boss1,[],1944803.0,"[""Army's Paeon""]",
473500,474078,Royal Authority,460.0,36965.0,,Boss1,[],92280216.0,"[""Army's Paeon""]",
475138,475670,Auto,90.0,5367.0,,Boss1,[],1944803.0,"[""Army's Paeon""]",
476000,476623,Fast Blade,220.0,17674.0,,Boss1,[],21095861.0,"[""Army's Paeon""]",
477378,477910,Auto,90.0,5367.0,,Boss1,[],1944803.0,"[""Army's Paeon""]",
478500,479258,Riot Blade,330.0,26517.0,,Boss1,[],47485779.0,"[""Army's Paeon""]",
479618,480150,Auto,90.0,5367.0,,Boss1,[],1944803.0,"[""Army's Paeon""]",
480953,480953,The Wanderer's Minuet,,,,,,,[],
481000,481758,Holy Spirit,500.0,40320.0,,Boss1,['Divine Might'],109980758.0,"['Divine Might', ""The Wanderer's Minuet""]",
481858,482390,Auto,90.0,5385.0,,Boss1,[],1961675.0,"[""The Wanderer's Minuet""]",
484098,484630,Auto,90.0,5385.0,,Boss1,[],1961675.0,"[""The Wanderer's Minuet""]",
483500,484793,Atonement,460.0,37093.0,,Boss1,[],93080741.0,"[""The Wanderer's Minuet""]",
485366,485366,Battle Voice,,,,,,,[],485986.0
485986,485986,Radiant Finale,,,,,,,[],486611.0
486625,486625,Fight or Flight,,,,,,,[],
486338,486870,Auto,90.0,5644.0,,Boss1,[],2301696.0,"['Battle Voice', ""The Wanderer's Minuet""]",
486000,487160,Supplication,500.0,42259.0,,Boss1,[],129047184.0,"['Battle Voice', ""The Wanderer's Minuet""]",
487250,488540,Imperator,580.0,64950.0,,Boss1,[],304839939.0,"['Battle Voice', 'Fight or Flight', 'Radiant Finale', ""The Wanderer's Minuet""]",
488500,489034,Goring Blade,700.0,78390.0,,Boss1,[],444075880.0,"['Battle Voice', 'Fight or Flight', 'Radiant Finale', ""The Wanderer's Minuet""]",
488578,489110,Auto,90.0,7478.0,,Boss1,[],4041541.0,"['Battle Voice', 'Fight or Flight', 'Radiant Finale', ""The Wanderer's Minuet""]",
489125,490148,Circle of Scorn,140.0,15669.0,,Boss1,[],17739861.0,"['Battle Voice', 'Fight or Flight', 'Radiant Finale', ""The Wanderer's Minuet""]",
489125,490500,Circle of Scorn (dot),30.0,3357.0,,Boss1,[],814009.0,"['Battle Voice', 'Fight or Flight', 'Radiant Finale', ""The Wanderer's Minuet""]",
490818,491350,Auto,90.0,7478.0,,Boss1,[],4041541.0,"['Battle Voice', 'Fight or Flight', 'Radiant Finale', ""The Wanderer's Minuet""]",
491625,491982,Expiacion,450.0,50393.0,,Boss1,[],183507573.0,"['Battle Voice', 'Fight or Flight', 'Radiant Finale', ""The Wanderer's Minuet""]",
491000,492290,Sepulchre,540.0,60468.0,,Boss1,[],264230018.0,"['Battle Voice', 'Fight or Flight', 'Radiant Finale', ""The Wanderer's Minuet""]",
489125,493500,Circle of Scorn (dot),30.0,3357.0,,Boss1,[],814009.0,"['Battle Voice', 'Fight or Flight', 'Radiant Finale', ""The Wanderer's Minuet""]",
493058,493590,Auto,90.0,7478.0,,Boss1,[],4041541.0,"['Battle Voice', 'Fight or Flight', 'Radiant Finale', ""The Wanderer's Minuet""]",
493500,494123,Confiteor,1000.0,111988.0,,Boss1,['Requiescat'],906290883.0,"['Battle Voice', 'Fight or Flight', 'Radiant Finale', 'Requiescat', ""The Wanderer's Minuet""]",
494125,494703,Intervene,150.0,16795.0,,Boss1,[],20383380.0,"['Battle Voice', 'Fight or Flight', 'Radiant Finale', ""The Wanderer's Minuet""]",
495298,495830,Auto,90.0,7478.0,,Boss1,[],4041541.0,"['Battle Voice', 'Fight or Flight', 'Radiant Finale', ""The Wanderer's Minuet""]",
489125,496500,Circle of Scorn (dot),30.0,3357.0,,Boss1,[],814009.0,"['Battle Voice', 'Fight or Flight', 'Radiant Finale', ""The Wanderer's Minuet""]",
496000,496666,Blade of Faith,760.0,85112.0,,Boss1,['Requiescat'],523489386.0,"['Battle Voice', 'Fight or Flight', 'Radiant Finale', 'Requiescat', ""The Wanderer's Minuet""]",
496625,497203,Intervene,150.0,16795.0,,Boss1,[],20383380.0,"['Battle Voice', 'Fight or Flight', 'Radiant Finale', ""The Wanderer's Minuet""]",
497538,498070,Auto,90.0,7478.0,,Boss1,[],4041541.0,"['Battle Voice', 'Fight or Flight', 'Radiant Finale', ""The Wanderer's Minuet""]",
498500,499391,Blade of Truth,880.0,98548.0,,Boss1,['Requiescat'],701808437.0,"['Battle Voice', 'Fight or Flight', 'Radiant Finale', 'Requiescat', ""The Wanderer's Minuet""]",
489125,499500,Circle of Scorn (dot),30.0,3357.0,,Boss1,[],814009.0,"['Battle Voice', 'Fight or Flight', 'Radiant Finale', ""The Wanderer's Minuet""]",
499778,500310,Auto,90.0,7478.0,,Boss1,[],4041541.0,"['Battle Voice', 'Fight or Flight', 'Radiant Finale', ""The Wanderer's Minuet""]",
501000,501891,Blade of Valor,1000.0,111988.0,,Boss1,['Requiescat'],906290883.0,"['Battle Voice', 'Fight or Flight', 'Radiant Finale', 'Requiescat', ""The Wanderer's Minuet""]",
489125,502500,Circle of Scorn (dot),30.0,3357.0,,Boss1,[],814009.0,"['Battle Voice', 'Fight or Flight', 'Radiant Finale', ""The Wanderer's Minuet""]",
502018,502550,Auto,90.0,7478.0,,Boss1,[],4041541.0,"['Battle Voice', 'Fight or Flight', 'Radiant Finale', ""The Wanderer's Minuet""]",
501625,502785,Blade of Honor,1000.0,111988.0,,Boss1,[],906290883.0,"['Battle Voice', 'Fight or Flight', 'Radiant Finale', ""The Wanderer's Minuet""]",
503500,504078,Royal Authority,460.0,51511.0,,Boss1,[],191744821.0,"['Battle Voice', 'Fight or Flight', 'Radiant Finale', ""The Wanderer's Minuet""]",
504258,504790,Auto,90.0,7478.0,,Boss1,[],4041541.0,"['Battle Voice', 'Fight or Flight', 'Radiant Finale', ""The Wanderer's Minuet""]",
506000,506758,Holy Spirit,500.0,53424.0,,Boss1,['Divine Might'],193085177.0,"['Divine Might', 'Fight or Flight', 'Radiant Finale', ""The Wanderer's Minuet""]",
506498,507030,Auto,90.0,7135.0,,Boss1,[],3444526.0,"['Fight or Flight', 'Radiant Finale', ""The Wanderer's Minuet""]",
508738,509270,Auto,90.0,5385.0,,Boss1,[],1961675.0,"[""The Wanderer's Minuet""]",
508500,509793,Atonement,460.0,37093.0,,Boss1,[],93080741.0,"[""The Wanderer's Minuet""]",
510978,511510,Auto,90.0,5385.0,,Boss1,[],1961675.0,"[""The Wanderer's Minuet""]",
511000,512160,Supplication,500.0,40320.0,,Boss1,[],109980758.0,"[""The Wanderer's Minuet""]",
513218,513750,Auto,90.0,5385.0,,Boss1,[],1961675.0,"[""The Wanderer's Minuet""]",
513500,514790,Sepulchre,540.0,43543.0,,Boss1,[],128268551.0,"[""The Wanderer's Minuet""]",
515458,515990,Auto,90.0,5385.0,,Boss1,[],1961675.0,"[""The Wanderer's Minuet""]",
516000,516623,Fast Blade,220.0,17735.0,,Boss1,[],21278822.0,"[""The Wanderer's Minuet""]",
517698,518230,Auto,90.0,5385.0,,Boss1,[],1961675.0,"[""The Wanderer's Minuet""]",
518500,519258,Riot Blade,330.0,26609.0,,Boss1,[],47897679.0,"[""The Wanderer's Minuet""]",
519125,520148,Circle of Scorn,140.0,11284.0,,Boss1,[],8611797.0,"[""The Wanderer's Minuet""]",
519938,520470,Auto,90.0,5385.0,,Boss1,[],1961675.0,"[""The Wanderer's Minuet""]",
519125,520500,Circle of Scorn (dot),30.0,2417.0,,Boss1,[],395185.0,"[""The Wanderer's Minuet""]",
521000,521578,Royal Authority,460.0,37093.0,,Boss1,[],93080741.0,"[""The Wanderer's Minuet""]",
521625,521982,Expiacion,450.0,36288.0,,Boss1,[],89083401.0,"[""The Wanderer's Minuet""]",
522178,522710,Auto,90.0,5385.0,,Boss1,[],1961675.0,"[""The Wanderer's Minuet""]",
519125,523500,Circle of Scorn (dot),30.0,2417.0,,Boss1,[],395185.0,"[""The Wanderer's Minuet""]",
523500,524793,Atonement,460.0,37093.0,,Boss1,[],93080741.0,"[""The Wanderer's Minuet""]",
524418,524950,Auto,90.0,5385.0,,Boss1,[],1961675.0,"[""The Wanderer's Minuet""]",
525002,525002,Mage's Ballad,,,,,,,[],
519125,526500,Circle of Scorn (dot),30.0,2417.0,,Boss1,[],395185.0,"[""The Wanderer's Minuet""]",
526000,527160,Supplication,500.0,40292.0,,Boss1,[],107923922.0,"[""Mage's Ballad""]",
526658,527190,Auto,90.0,5381.0,,Boss1,[],1925149.0,"[""Mage's Ballad""]",
528898,529430,Auto,90.0,5381.0,,Boss1,[],1925149.0,"[""Mage's Ballad""]",
519125,529500,Circle of Scorn (dot),30.0,2417.0,,Boss1,[],395185.0,"[""The Wanderer's Minuet""]",
528500,529790,Sepulchre,540.0,43513.0,,Boss1,[],125862133.0,"[""Mage's Ballad""]",
531138,531670,Auto,90.0,5381.0,,Boss1,[],1925149.0,"[""Mage's Ballad""]",
531000,531758,Holy Spirit,500.0,40292.0,,Boss1,['Divine Might'],107923922.0,"['Divine Might', ""Mage's Ballad""]",
519125,532500,Circle of Scorn (dot),30.0,2417.0,,Boss1,[],395185.0,"[""The Wanderer's Minuet""]",
533378,533910,Auto,90.0,5381.0,,Boss1,[],1925149.0,"[""Mage's Ballad""]",
533500,534123,Fast Blade,220.0,17723.0,,Boss1,[],20880967.0,"[""Mage's Ballad""]",
535618,536150,Auto,90.0,5381.0,,Boss1,[],1925149.0,"[""Mage's Ballad""]",
536000,536758,Riot Blade,330.0,26590.0,,Boss1,[],47001499.0,"[""Mage's Ballad""]",
537858,538390,Auto,90.0,5381.0,,Boss1,[],1925149.0,"[""Mage's Ballad""]",
538500,539078,Royal Authority,460.0,37067.0,,Boss1,[],91336067.0,"[""Mage's Ballad""]",
540098,540630,Auto,90.0,5381.0,,Boss1,[],1925149.0,"[""Mage's Ballad""]",
541000,542293,Atonement,460.0,37067.0,,Boss1,[],91336067.0,"[""Mage's Ballad""]",
542338,542870,Auto,90.0,5381.0,,Boss1,[],1925149.0,"[""Mage's Ballad""]",
543500,544123,Fast Blade,220.0,17723.0,,Boss1,[],20880967.0,"[""Mage's Ballad""]",
544578,545110,Auto,90.0,5381.0,,Boss1,[],1925149.0,"[""Mage's Ballad""]",
546625,546625,Fight or Flight,,,,,,,[],
546000,546758,Riot Blade,330.0,26590.0,,Boss1,[],47001499.0,"[""Mage's Ballad""]",
546818,547350,Auto,90.0,5381.0,,Boss1,[],1925149.0,"[""Mage's Ballad""]",
547250,548540,Imperator,580.0,58422.0,,Boss1,[],226896727.0,"['Fight or Flight', ""Mage's Ballad""]",
548500,549034,Goring Blade,700.0,70512.0,,Boss1,[],330523609.0,"['Fight or Flight', ""Mage's Ballad""]",
549058,549590,Auto,90.0,6727.0,,Boss1,[],3007825.0,"['Fight or Flight', ""Mage's Ballad""]",
549125,550148,Circle of Scorn,140.0,14095.0,,Boss1,[],13203851.0,"['Fight or Flight', ""Mage's Ballad""]",
549125,550500,Circle of Scorn (dot),30.0,3019.0,,Boss1,[],606059.0,"['Fight or Flight', ""Mage's Ballad""]",
551298,551830,Auto,90.0,6727.0,,Boss1,[],3007825.0,"['Fight or Flight', ""Mage's Ballad""]",
551625,551982,Expiacion,450.0,45329.0,,Boss1,[],136584751.0,"['Fight or Flight', ""Mage's Ballad""]",
551000,552160,Supplication,500.0,50366.0,,Boss1,[],168626452.0,"['Fight or Flight', ""Mage's Ballad""]",
549125,553500,Circle of Scorn (dot),30.0,3019.0,,Boss1,[],606059.0,"['Fight or Flight', ""Mage's Ballad""]",
553538,554070,Auto,90.0,6727.0,,Boss1,[],3007825.0,"['Fight or Flight', ""Mage's Ballad""]",
553500,554123,Confiteor,1000.0,100733.0,,Boss1,['Requiescat'],674543513.0,"['Fight or Flight', ""Mage's Ballad"", 'Requiescat']",
554125,554703,Intervene,150.0,15107.0,,Boss1,[],15169345.0,"['Fight or Flight', ""Mage's Ballad""]",
555778,556310,Auto,90.0,6727.0,,Boss1,[],3007825.0,"['Fight or Flight', ""Mage's Ballad""]",
549125,556500,Circle of Scorn (dot),30.0,3019.0,,Boss1,[],606059.0,"['Fight or Flight', ""Mage's Ballad""]",
556000,556666,Blade of Faith,760.0,76559.0,,Boss1,['Requiescat'],389638393.0,"['Fight or Flight', ""Mage's Ballad"", 'Requiescat']",
556625,557203,Intervene,150.0,15107.0,,Boss1,[],15169345.0,"['Fight or Flight', ""Mage's Ballad""]",
558018,558550,Auto,90.0,6727.0,,Boss1,[],3007825.0,"['Fight or Flight', ""Mage's Ballad""]",
558500,559391,Blade of Truth,880.0,88644.0,,Boss1,['Requiescat'],522358192.0,"['Fight or Flight', ""Mage's Ballad"", 'Requiescat']",
549125,559500,Circle of Scorn (dot),30.0,3019.0,,Boss1,[],606059.0,"['Fight or Flight', ""Mage's Ballad""]",
560258,560790,Auto,90.0,6727.0,,Boss1,[],3007825.0,"['Fight or Flight', ""Mage's Ballad""]",
561000,561891,Blade of Valor,1000.0,100733.0,,Boss1,['Requiescat'],674543513.0,"['Fight or Flight', ""Mage's Ballad"", 'Requiescat']",
562353,562353,Army's Paeon,,,,,,,[],
549125,562500,Circle of Scorn (dot),30.0,3019.0,,Boss1,[],606059.0,"['Fight or Flight', ""Mage's Ballad""]",
561625,562785,Blade of Honor,1000.0,100733.0,,Boss1,[],674543513.0,"['Fight or Flight', ""Mage's Ballad""]",
562498,563030,Auto,90.0,6708.0,,Boss1,[],3038492.0,"[""Army's Paeon"", 'Fight or Flight']",
563500,564258,Holy Spirit,500.0,50226.0,,Boss1,['Divine Might'],170370178.0,"[""Army's Paeon"", 'Divine Might', 'Fight or Flight']",
564738,565270,Auto,90.0,6708.0,,Boss1,[],3038492.0,"[""Army's Paeon"", 'Fight or Flight']",
566000,567290,Sepulchre,540.0,54241.0,,Boss1,[],198694828.0,"[""Army's Paeon"", 'Fight or Flight']",
566978,567510,Auto,90.0,6708.0,,Boss1,[],3038492.0,"[""Army's Paeon"", 'Fight or Flight']",
568500,569078,Royal Authority,460.0,36965.0,,Boss1,[],92280216.0,"[""Army's Paeon""]",
569218,569750,Auto,90.0,5367.0,,Boss1,[],1944803.0,"[""Army's Paeon""]",
571458,571990,Auto,90.0,5367.0,,Boss1,[],1944803.0,"[""Army's Paeon""]",
571000,572293,Atonement,460.0,36965.0,,Boss1,[],92280216.0,"[""Army's Paeon""]",
573698,574230,Auto,90.0,5367.0,,Boss1,[],1944803.0,"[""Army's Paeon""]",
573500,574660,Supplication,500.0,40181.0,,Boss1,[],109034954.0,"[""Army's Paeon""]",
575938,576470,Auto,90.0,5367.0,,Boss1,[],1944803.0,"[""Army's Paeon""]",
576000,577290,Sepulchre,540.0,43393.0,,Boss1,[],127165499.0,"[""Army's Paeon""]",
578178,578710,Auto,90.0,5367.0,,Boss1,[],1944803.0,"[""Army's Paeon""]",
578500,579258,Holy Spirit,500.0,40181.0,,Boss1,['Divine Might'],109034954.0,"[""Army's Paeon"", 'Divine Might']",
579125,580148,Circle of Scorn,140.0,11245.0,,Boss1,[],8537711.0,"[""Army's Paeon""]",
579125,580500,Circle of Scorn (dot),30.0,2409.0,,Boss1,[],391781.0,"[""Army's Paeon""]",
580418,580950,Auto,90.0,5367.0,,Boss1,[],1944803.0,"[""Army's Paeon""]",
581000,581623,Fast Blade,220.0,17674.0,,Boss1,[],21095861.0,"[""Army's Paeon""]",
581625,581982,Expiacion,450.0,36163.0,,Boss1,[],88317225.0,"[""Army's Paeon""]",
582658,583190,Auto,90.0,5367.0,,Boss1,[],1944803.0,"[""Army's Paeon""]",
579125,583500,Circle of Scorn (dot),30.0,2409.0,,Boss1,[],391781.0,"[""Army's Paeon""]",
583500,584258,Riot Blade,330.0,26517.0,,Boss1,[],47485779.0,"[""Army's Paeon""]",
584898,585430,Auto,90.0,5367.0,,Boss1,[],1944803.0,"[""Army's Paeon""]",
579125,586500,Circle of Scorn (dot),30.0,2409.0,,Boss1,[],391781.0,"[""Army's Paeon""]",
586000,586578,Royal Authority,460.0,36965.0,,Boss1,[],92280216.0,"[""Army's Paeon""]",
587138,587670,Auto,90.0,5367.0,,Boss1,[],1944803.0,"[""Army's Paeon""]",
579125,589500,Circle of Scorn (dot),30.0,2409.0,,Boss1,[],391781.0,"[""Army's Paeon""]",
588500,589793,Atonement,460.0,36965.0,,Boss1,[],92280216.0,"[""Army's Paeon""]",
589378,589910,Auto,90.0,5367.0,,Boss1,[],1944803.0,"[""Army's Paeon""]",
591618,592150,Auto,90.0,5367.0,,Boss1,[],1944803.0,"[""Army's Paeon""]",
591000,592160,Supplication,500.0,40181.0,,Boss1,[],109034954.0,"[""Army's Paeon""]",
579125,592500,Circle of Scorn (dot),30.0,2409.0,,Boss1,[],391781.0,"[""Army's Paeon""]",
593500,594258,Holy Spirit,500.0,40181.0,,Boss1,['Divine Might'],109034954.0,"[""Army's Paeon"", 'Divine Might']",
593858,594390,Auto,90.0,5367.0,,Boss1,[],1944803.0,"[""Army's Paeon""]",
596000,596623,Fast Blade,220.0,17674.0,,Boss1,[],21095861.0,"[""Army's Paeon""]",
596098,596630,Auto,90.0,5367.0,,Boss1,[],1944803.0,"[""Army's Paeon""]",
598338,598870,Auto,90.0,5367.0,,Boss1,[],1944803.0,"[""Army's Paeon""]",
598500,599258,Riot Blade,330.0,26517.0,,Boss1,[],47485779.0,"[""Army's Paeon""]",
600578,601110,Auto,90.0,5367.0,,Boss1,[],1944803.0,"[""Army's Paeon""]",
601739,601739,The Wanderer's Minuet,,,,,,,[],
601000,602290,Sepulchre,540.0,43393.0,,Boss1,[],127165499.0,"[""Army's Paeon""]",
602818,603350,Auto,90.0,5385.0,,Boss1,[],1961675.0,"[""The Wanderer's Minuet""]",
603500,604078,Royal Authority,460.0,37093.0,,Boss1,[],93080741.0,"[""The Wanderer's Minuet""]",
605058,605590,Auto,90.0,5385.0,,Boss1,[],1961675.0,"[""The Wanderer's Minuet""]",
606152,606152,Battle Voice,,,,,,,[],606772.0
606625,606625,Fight or Flight,,,,,,,[],
606772,606772,Radiant Finale,,,,,,,[],607397.0
606000,607293,Atonement,460.0,37093.0,,Boss1,[],93080741.0,"[""The Wanderer's Minuet""]",
607298,607830,Auto,90.0,7055.0,,Boss1,[],3596219.0,"['Battle Voice', 'Fight or Flight', ""The Wanderer's Minuet""]",
607250,608540,Imperator,580.0,61273.0,,Boss1,[],271304949.0,"['Battle Voice', 'Fight or Flight', ""The Wanderer's Minuet""]",
608500,609034,Goring Blade,700.0,78390.0,,Boss1,[],444075880.0,"['Battle Voice', 'Fight or Flight', 'Radiant Finale', ""The Wanderer's Minuet""]",
609538,610070,Auto,90.0,7478.0,,Boss1,[],4041541.0,"['Battle Voice', 'Fight or Flight', 'Radiant Finale', ""The Wanderer's Minuet""]",
609125,610148,Circle of Scorn,140.0,15669.0,,Boss1,[],17739861.0,"['Battle Voice', 'Fight or Flight', 'Radiant Finale', ""The Wanderer's Minuet""]",
609125,610500,Circle of Scorn (dot),30.0,3357.0,,Boss1,[],814009.0,"['Battle Voice', 'Fight or Flight', 'Radiant Finale', ""The Wanderer's Minuet""]",
611625,611982,Expiacion,450.0,50393.0,,Boss1,[],183507573.0,"['Battle Voice', 'Fight or Flight', 'Radiant Finale', ""The Wanderer's Minuet""]",
611000,612160,Supplication,500.0,55993.0,,Boss1,[],226557544.0,"['Battle Voice', 'Fight or Flight', 'Radiant Finale', ""The Wanderer's Minuet""]",
611778,612310,Auto,90.0,7478.0,,Boss1,[],4041541.0,"['Battle Voice', 'Fight or Flight', 'Radiant Finale', ""The Wanderer's Minuet""]",
609125,613500,Circle of Scorn (dot),30.0,3357.0,,Boss1,[],814009.0,"['Battle Voice', 'Fight or Flight', 'Radiant Finale', ""The Wanderer's Minuet""]",
613500,614123,Confiteor,1000.0,111988.0,,Boss1,['Requiescat'],906290883.0,"['Battle Voice', 'Fight or Flight', 'Radiant Finale', 'Requiescat', ""The Wanderer's Minuet""]",
614018,614550,Auto,90.0,7478.0,,Boss1,[],4041541.0,"['Battle Voice', 'Fight or Flight', 'Radiant Finale', ""The Wanderer's Minuet""]",
614125,614703,Intervene,150.0,16795.0,,Boss1,[],20383380.0,"['Battle Voice', 'Fight or Flight', 'Radiant Finale', ""The Wanderer's Minuet""]",
609125,616500,Circle of Scorn (dot),30.0,3357.0,,Boss1,[],814009.0,"['Battle Voice', 'Fight or Flight', 'Radiant Finale', ""The Wanderer's Minuet""]",
616000,616666,Blade of Faith,760.0,85112.0,,Boss1,['Requiescat'],523489386.0,"['Battle Voice', 'Fight or Flight', 'Radiant Finale', 'Requiescat', ""The Wanderer's Minuet""]",
616258,616790,Auto,90.0,7478.0,,Boss1,[],4041541.0,"['Battle Voice', 'Fight or Flight', 'Radiant Finale', ""The Wanderer's Minuet""]",
616625,617203,Intervene,150.0,16795.0,,Boss1,[],20383380.0,"['Battle Voice', 'Fight or Flight', 'Radiant Finale', ""The Wanderer's Minuet""]",
618498,619030,Auto,90.0,7478.0,,Boss1,[],4041541.0,"['Battle Voice', 'Fight or Flight', 'Radiant Finale', ""The Wanderer's Minuet""]",
618500,619391,Blade of Truth,880.0,98548.0,,Boss1,['Requiescat'],701808437.0,"['Battle Voice', 'Fight or Flight', 'Radiant Finale', 'Requiescat', ""The Wanderer's Minuet""]",
609125,619500,Circle of Scorn (dot),30.0,3357.0,,Boss1,[],814009.0,"['Battle Voice', 'Fight or Flight', 'Radiant Finale', ""The Wanderer's Minuet""]",
620738,621270,Auto,90.0,7478.0,,Boss1,[],4041541.0,"['Battle Voice', 'Fight or Flight', 'Radiant Finale', ""The Wanderer's Minuet""]",
621000,621891,Blade of Valor,1000.0,111988.0,,Boss1,['Requiescat'],906290883.0,"['Battle Voice', 'Fight or Flight', 'Radiant Finale', 'Requiescat', ""The Wanderer's Minuet""]",
609125,622500,Circle of Scorn (dot),30.0,3357.0,,Boss1,[],814009.0,"['Battle Voice', 'Fight or Flight', 'Radiant Finale', ""The Wanderer's Minuet""]",
621625,622785,Blade of Honor,1000.0,111988.0,,Boss1,[],906290883.0,"['Battle Voice', 'Fight or Flight', 'Radiant Finale', ""The Wanderer's Minuet""]",
622978,623510,Auto,90.0,7478.0,,Boss1,[],4041541.0,"['Battle Voice', 'Fight or Flight', 'Radiant Finale', ""The Wanderer's Minuet""]",
623500,624790,Sepulchre,540.0,60468.0,,Boss1,[],264230018.0,"['Battle Voice', 'Fight or Flight', 'Radiant Finale', ""The Wanderer's Minuet""]",
625218,625750,Auto,90.0,7478.0,,Boss1,[],4041541.0,"['Battle Voice', 'Fight or Flight', 'Radiant Finale', ""The Wanderer's Minuet""]",
626000,626758,Holy Spirit,500.0,55993.0,,Boss1,['Divine Might'],226557544.0,"['Battle Voice', 'Divine Might', 'Fight or Flight', 'Radiant Finale', ""The Wanderer's Minuet""]",
627458,627990,Auto,90.0,5385.0,,Boss1,[],1961675.0,"[""The Wanderer's Minuet""]",
628500,629123,Fast Blade,220.0,17735.0,,Boss1,[],21278822.0,"[""The Wanderer's Minuet""]",
629698,630230,Auto,90.0,5385.0,,Boss1,[],1961675.0,"[""The Wanderer's Minuet""]",
631000,631758,Riot Blade,330.0,26609.0,,Boss1,[],47897679.0,"[""The Wanderer's Minuet""]",
631938,632470,Auto,90.0,5385.0,,Boss1,[],1961675.0,"[""The Wanderer's Minuet""]",
633500,634078,Royal Authority,460.0,37093.0,,Boss1,[],93080741.0,"[""The Wanderer's Minuet""]",
634178,634710,Auto,90.0,5385.0,,Boss1,[],1961675.0,"[""The Wanderer's Minuet""]",
636418,636950,Auto,90.0,5385.0,,Boss1,[],1961675.0,"[""The Wanderer's Minuet""]",
636000,637293,Atonement,460.0,37093.0,,Boss1,[],93080741.0,"[""The Wanderer's Minuet""]",
638658,639190,Auto,90.0,5385.0,,Boss1,[],1961675.0,"[""The Wanderer's Minuet""]",
638500,639660,Supplication,500.0,40320.0,,Boss1,[],109980758.0,"[""The Wanderer's Minuet""]",
639125,640148,Circle of Scorn,140.0,11284.0,,Boss1,[],8611797.0,"[""The Wanderer's Minuet""]",
639125,640500,Circle of Scorn (dot),30.0,2417.0,,Boss1,[],395185.0,"[""The Wanderer's Minuet""]",
640898,641430,Auto,90.0,5385.0,,Boss1,[],1961675.0,"[""The Wanderer's Minuet""]",
641000,641758,Holy Spirit,500.0,40320.0,,Boss1,['Divine Might'],109980758.0,"['Divine Might', ""The Wanderer's Minuet""]",
641625,641982,Expiacion,450.0,36288.0,,Boss1,[],89083401.0,"[""The Wanderer's Minuet""]",
639125,643500,Circle of Scorn (dot),30.0,2417.0,,Boss1,[],395185.0,"[""The Wanderer's Minuet""]",
643138,643670,Auto,90.0,5385.0,,Boss1,[],1961675.0,"[""The Wanderer's Minuet""]",
643500,644790,Sepulchre,540.0,43543.0,,Boss1,[],128268551.0,"[""The Wanderer's Minuet""]",
645579,645579,Mage's Ballad,,,,,,,[],
645378,645910,Auto,90.0,5385.0,,Boss1,[],1961675.0,"[""The Wanderer's Minuet""]",
639125,646500,Circle of Scorn (dot),30.0,2417.0,,Boss1,[],395185.0,"[""The Wanderer's Minuet""]",
646000,646623,Fast Blade,220.0,17723.0,,Boss1,[],20880967.0,"[""Mage's Ballad""]",
647618,648150,Auto,90.0,5381.0,,Boss1,[],1925149.0,"[""Mage's Ballad""]",
648500,649258,Riot Blade,330.0,26590.0,,Boss1,[],47001499.0,"[""Mage's Ballad""]",
639125,649500,Circle of Scorn (dot),30.0,2417.0,,Boss1,[],395185.0,"[""The Wanderer's Minuet""]",
649858,650390,Auto,90.0,5381.0,,Boss1,[],1925149.0,"[""Mage's Ballad""]",
651000,651578,Royal Authority,460.0,37067.0,,Boss1,[],91336067.0,"[""Mage's Ballad""]",
639125,652500,Circle of Scorn (dot),30.0,2417.0,,Boss1,[],395185.0,"[""The Wanderer's Minuet""]",
652098,652630,Auto,90.0,5381.0,,Boss1,[],1925149.0,"[""Mage's Ballad""]",
653500,654793,Atonement,460.0,37067.0,,Boss1,[],91336067.0,"[""Mage's Ballad""]",
654338,654870,Auto,90.0,5381.0,,Boss1,[],1925149.0,"[""Mage's Ballad""]",
656000,656623,Fast Blade,220.0,17723.0,,Boss1,[],20880967.0,"[""Mage's Ballad""]",
656578,657110,Auto,90.0,5381.0,,Boss1,[],1925149.0,"[""Mage's Ballad""]",
658500,659258,Riot Blade,330.0,26590.0,,Boss1,[],47001499.0,"[""Mage's Ballad""]",
658818,659350,Auto,90.0,5381.0,,Boss1,[],1925149.0,"[""Mage's Ballad""]",
661058,661590,Auto,90.0,5381.0,,Boss1,[],1925149.0,"[""Mage's Ballad""]",
661000,662160,Supplication,500.0,40292.0,,Boss1,[],107923922.0,"[""Mage's Ballad""]",
663298,663830,Auto,90.0,5381.0,,Boss1,[],1925149.0,"[""Mage's Ballad""]",
663500,664258,Holy Spirit,500.0,40292.0,,Boss1,['Divine Might'],107923922.0,"['Divine Might', ""Mage's Ballad""]",
665538,666070,Auto,90.0,5381.0,,Boss1,[],1925149.0,"[""Mage's Ballad""]",
666625,666625,Fight or Flight,,,,,,,[],
666000,667290,Sepulchre,540.0,43513.0,,Boss1,[],125862133.0,"[""Mage's Ballad""]",
667778,668310,Auto,90.0,6727.0,,Boss1,[],3007825.0,"['Fight or Flight', ""Mage's Ballad""]",
667250,668540,Imperator,580.0,58422.0,,Boss1,[],226896727.0,"['Fight or Flight', ""Mage's Ballad""]",
668500,669034,Goring Blade,700.0,70512.0,,Boss1,[],330523609.0,"['Fight or Flight', ""Mage's Ballad""]",
669125,670148,Circle of Scorn,140.0,14095.0,,Boss1,[],13203851.0,"['Fight or Flight', ""Mage's Ballad""]",
669125,670500,Circle of Scorn (dot),30.0,3019.0,,Boss1,[],606059.0,"['Fight or Flight', ""Mage's Ballad""]",
670018,670550,Auto,90.0,6727.0,,Boss1,[],3007825.0,"['Fight or Flight', ""Mage's Ballad""]",
671000,671578,Royal Authority,460.0,46334.0,,Boss1,[],142712969.0,"['Fight or Flight', ""Mage's Ballad""]",
671625,671982,Expiacion,450.0,45329.0,,Boss1,[],136584751.0,"['Fight or Flight', ""Mage's Ballad""]",
672258,672790,Auto,90.0,6727.0,,Boss1,[],3007825.0,"['Fight or Flight', ""Mage's Ballad""]",
669125,673500,Circle of Scorn (dot),30.0,3019.0,,Boss1,[],606059.0,"['Fight or Flight', ""Mage's Ballad""]",
673500,674123,Confiteor,1000.0,100733.0,,Boss1,['Requiescat'],674543513.0,"['Fight or Flight', ""Mage's Ballad"", 'Requiescat']",
674125,674703,Intervene,150.0,15107.0,,Boss1,[],15169345.0,"['Fight or Flight', ""Mage's Ballad""]",
674498,675030,Auto,90.0,6727.0,,Boss1,[],3007825.0,"['Fight or Flight', ""Mage's Ballad""]",
669125,676500,Circle of Scorn (dot),30.0,3019.0,,Boss1,[],606059.0,"['Fight or Flight', ""Mage's Ballad""]",
676000,676666,Blade of Faith,760.0,76559.0,,Boss1,['Requiescat'],389638393.0,"['Fight or Flight', ""Mage's Ballad"", 'Requiescat']",
676625,677203,Intervene,150.0,15107.0,,Boss1,[],15169345.0,"['Fight or Flight', ""Mage's Ballad""]",
676738,677270,Auto,90.0,6727.0,,Boss1,[],3007825.0,"['Fight or Flight', ""Mage's Ballad""]",
678500,679391,Blade of Truth,880.0,88644.0,,Boss1,['Requiescat'],522358192.0,"['Fight or Flight', ""Mage's Ballad"", 'Requiescat']",
669125,679500,Circle of Scorn (dot),30.0,3019.0,,Boss1,[],606059.0,"['Fight or Flight', ""Mage's Ballad""]",
678978,679510,Auto,90.0,6727.0,,Boss1,[],3007825.0,"['Fight or Flight', ""Mage's Ballad""]",
681218,681750,Auto,90.0,6727.0,,Boss1,[],3007825.0,"['Fight or Flight', ""Mage's Ballad""]",
681000,681891,Blade of Valor,1000.0,100733.0,,Boss1,['Requiescat'],674543513.0,"['Fight or Flight', ""Mage's Ballad"", 'Requiescat']",
669125,682500,Circle of Scorn (dot),30.0,3019.0,,Boss1,[],606059.0,"['Fight or Flight', ""Mage's Ballad""]",
681625,682785,Blade of Honor,1000.0,100733.0,,Boss1,[],674543513.0,"['Fight or Flight', ""Mage's Ballad""]",
682930,682930,Army's Paeon,,,,,,,[],
683458,683990,Auto,90.0,6708.0,,Boss1,[],3038492.0,"[""Army's Paeon"", 'Fight or Flight']",
683500,684258,Holy Spirit,500.0,50226.0,,Boss1,['Divine Might'],170370178.0,"[""Army's Paeon"", 'Divine Might', 'Fight or Flight']",
685698,686230,Auto,90.0,6708.0,,Boss1,[],3038492.0,"[""Army's Paeon"", 'Fight or Flight']",
686000,687293,Atonement,460.0,46206.0,,Boss1,[],144189478.0,"[""Army's Paeon"", 'Fight or Flight']",
687938,688470,Auto,90.0,5367.0,,Boss1,[],1944803.0,"[""Army's Paeon""]",
688500,689660,Supplication,500.0,40181.0,,Boss1,[],109034954.0,"[""Army's Paeon""]",
690178,690710,Auto,90.0,5367.0,,Boss1,[],1944803.0,"[""Army's Paeon""]",
691000,692290,Sepulchre,540.0,43393.0,,Boss1,[],127165499.0,"[""Army's Paeon""]",
692418,692950,Auto,90.0,5367.0,,Boss1,[],1944803.0,"[""Army's Paeon""]",
693500,694123,Fast Blade,220.0,17674.0,,Boss1,[],21095861.0,"[""Army's Paeon""]",
694658,695190,Auto,90.0,5367.0,,Boss1,[],1944803.0,"[""Army's Paeon""]",
696000,696758,Riot Blade,330.0,26517.0,,Boss1,[],47485779.0,"[""Army's Paeon""]",
696898,697430,Auto,90.0,5367.0,,Boss1,[],1944803.0,"[""Army's Paeon""]",
698500,699078,Royal Authority,460.0,36965.0,,Boss1,[],92280216.0,"[""Army's Paeon""]",
699138,699670,Auto,90.0,5367.0,,Boss1,[],1944803.0,"[""Army's Paeon""]",
699125,700148,Circle of Scorn,140.0,11245.0,,Boss1,[],8537711.0,"[""Army's Paeon""]",
699125,700500,Circle of Scorn (dot),30.0,2409.0,,Boss1,[],391781.0,"[""Army's Paeon""]",
701378,701910,Auto,90.0,5367.0,,Boss1,[],1944803.0,"[""Army's Paeon""]",
701625,701982,Expiacion,450.0,36163.0,,Boss1,[],88317225.0,"[""Army's Paeon""]",
701000,702293,Atonement,460.0,36965.0,,Boss1,[],92280216.0,"[""Army's Paeon""]",
699125,703500,Circle of Scorn (dot),30.0,2409.0,,Boss1,[],391781.0,"[""Army's Paeon""]",
703500,704123,Fast Blade,220.0,17674.0,,Boss1,[],21095861.0,"[""Army's Paeon""]",
703618,704150,Auto,90.0,5367.0,,Boss1,[],1944803.0,"[""Army's Paeon""]",
705858,706390,Auto,90.0,5367.0,,Boss1,[],1944803.0,"[""Army's Paeon""]",
699125,706500,Circle of Scorn (dot),30.0,2409.0,,Boss1,[],391781.0,"[""Army's Paeon""]",
706000,706758,Riot Blade,330.0,26517.0,,Boss1,[],47485779.0,"[""Army's Paeon""]",
708098,708630,Auto,90.0,5367.0,,Boss1,[],1944803.0,"[""Army's Paeon""]",
699125,709500,Circle of Scorn (dot),30.0,2409.0,,Boss1,[],391781.0,"[""Army's Paeon""]",
708500,709660,Supplication,500.0,40181.0,,Boss1,[],109034954.0,"[""Army's Paeon""]",
710338,710870,Auto,90.0,5367.0,,Boss1,[],1944803.0,"[""Army's Paeon""]",
711000,711758,Holy Spirit,500.0,40181.0,,Boss1,['Divine Might'],109034954.0,"[""Army's Paeon"", 'Divine Might']",
699125,712500,Circle of Scorn (dot),30.0,2409.0,,Boss1,[],391781.0,"[""Army's Paeon""]",
712578,713110,Auto,90.0,5367.0,,Boss1,[],1944803.0,"[""Army's Paeon""]",
713500,714790,Sepulchre,540.0,43393.0,,Boss1,[],127165499.0,"[""Army's Paeon""]",
714818,715350,Auto,90.0,5367.0,,Boss1,[],1944803.0,"[""Army's Paeon""]",
716000,716578,Royal Authority,460.0,36965.0,,Boss1,[],92280216.0,"[""Army's Paeon""]",
717058,717590,Auto,90.0,5367.0,,Boss1,[],1944803.0,"[""Army's Paeon""]",
718500,719123,Fast Blade,220.0,17674.0,,Boss1,[],21095861.0,"[""Army's Paeon""]",
719298,719830,Auto,90.0,5367.0,,Boss1,[],1944803.0,"[""Army's Paeon""]",
721625,721625,Grade 4 Gemdraught,,,,,,,[],
721739,721739,The Wanderer's Minuet,,,,,,,[],
721000,721758,Riot Blade,330.0,26517.0,,Boss1,[],47485779.0,"[""Army's Paeon""]",
721538,722070,Auto,90.0,5367.0,,Boss1,[],1944803.0,"[""Army's Paeon""]",
723778,724310,Auto,90.0,5829.0,,Boss1,[],2297940.0,"['Grade 4 Gemdraught', ""The Wanderer's Minuet""]",
723500,724793,Atonement,460.0,40143.0,,Boss1,[],109011793.0,"['Grade 4 Gemdraught', ""The Wanderer's Minuet""]",
726152,726152,Battle Voice,,,,,,,[],726772.0
726018,726550,Auto,90.0,5829.0,,Boss1,[],2297940.0,"['Grade 4 Gemdraught', ""The Wanderer's Minuet""]",
726625,726625,Fight or Flight,,,,,,,[],
726000,726758,Holy Spirit,500.0,43634.0,,Boss1,['Divine Might'],128807770.0,"['Divine Might', 'Grade 4 Gemdraught', ""The Wanderer's Minuet""]",
726772,726772,Radiant Finale,,,,,,,[],727397.0
727250,728540,Imperator,580.0,66313.0,,Boss1,[],317772850.0,"['Battle Voice', 'Fight or Flight', 'Grade 4 Gemdraught', ""The Wanderer's Minuet""]",
728258,728790,Auto,90.0,8094.0,,Boss1,[],4733388.0,"['Battle Voice', 'Fight or Flight', 'Grade 4 Gemdraught', 'Radiant Finale', ""The Wanderer's Minuet""]",
728500,729034,Goring Blade,700.0,84834.0,,Boss1,[],520079436.0,"['Battle Voice', 'Fight or Flight', 'Grade 4 Gemdraught', 'Radiant Finale', ""The Wanderer's Minuet""]",
729125,730148,Circle of Scorn,140.0,16956.0,,Boss1,[],20775444.0,"['Battle Voice', 'Fight or Flight', 'Grade 4 Gemdraught', 'Radiant Finale', ""The Wanderer's Minuet""]",
729125,730500,Circle of Scorn (dot),30.0,3629.0,,Boss1,[],951829.0,"['Battle Voice', 'Fight or Flight', 'Grade 4 Gemdraught', 'Radiant Finale', ""The Wanderer's Minuet""]",
730498,731030,Auto,90.0,8094.0,,Boss1,[],4733388.0,"['Battle Voice', 'Fight or Flight', 'Grade 4 Gemdraught', 'Radiant Finale', ""The Wanderer's Minuet""]",
731625,731982,Expiacion,450.0,54530.0,,Boss1,[],214889121.0,"['Battle Voice', 'Fight or Flight', 'Grade 4 Gemdraught', 'Radiant Finale', ""The Wanderer's Minuet""]",
731000,732160,Supplication,500.0,60594.0,,Boss1,[],265344065.0,"['Battle Voice', 'Fight or Flight', 'Grade 4 Gemdraught', 'Radiant Finale', ""The Wanderer's Minuet""]",
732738,733270,Auto,90.0,8094.0,,Boss1,[],4733388.0,"['Battle Voice', 'Fight or Flight', 'Grade 4 Gemdraught', 'Radiant Finale', ""The Wanderer's Minuet""]",
729125,733500,Circle of Scorn (dot),30.0,3629.0,,Boss1,[],951829.0,"['Battle Voice', 'Fight or Flight', 'Grade 4 Gemdraught', 'Radiant Finale', ""The Wanderer's Minuet""]",
733500,734123,Confiteor,1000.0,121196.0,,Boss1,['Requiescat'],1061445898.0,"['Battle Voice', 'Fight or Flight', 'Grade 4 Gemdraught', 'Radiant Finale', 'Requiescat', ""The Wanderer's Minuet""]",
734125,734703,Intervene,150.0,18172.0,,Boss1,[],23862064.0,"['Battle Voice', 'Fight or Flight', 'Grade 4 Gemdraught', 'Radiant Finale', ""The Wanderer's Minuet""]",
734978,735510,Auto,90.0,8094.0,,Boss1,[],4733388.0,"['Battle Voice', 'Fight or Flight', 'Grade 4 Gemdraught', 'Radiant Finale', ""The Wanderer's Minuet""]",
729125,736500,Circle of Scorn (dot),30.0,3629.0,,Boss1,[],951829.0,"['Battle Voice', 'Fight or Flight', 'Grade 4 Gemdraught', 'Radiant Finale', ""The Wanderer's Minuet""]",
736000,736666,Blade of Faith,760.0,92107.0,,Boss1,['Requiescat'],613073976.0,"['Battle Voice', 'Fight or Flight', 'Grade 4 Gemdraught', 'Radiant Finale', 'Requiescat', ""The Wanderer's Minuet""]",
736625,737203,Intervene,150.0,18172.0,,Boss1,[],23862064.0,"['Battle Voice', 'Fight or Flight', 'Grade 4 Gemdraught', 'Radiant Finale', ""The Wanderer's Minuet""]",
737218,737750,Auto,90.0,8094.0,,Boss1,[],4733388.0,"['Battle Voice', 'Fight or Flight', 'Grade 4 Gemdraught', 'Radiant Finale', ""The Wanderer's Minuet""]",
738500,739391,Blade of Truth,880.0,106650.0,,Boss1,['Requiescat'],821960629.0,"['Battle Voice', 'Fight or Flight', 'Grade 4 Gemdraught', 'Radiant Finale', 'Requiescat', ""The Wanderer's Minuet""]",
729125,739500,Circle of Scorn (dot),30.0,3629.0,,Boss1,[],951829.0,"['Battle Voice', 'Fight or Flight', 'Grade 4 Gemdraught', 'Radiant Finale', ""The Wanderer's Minuet""]",
739458,739990,Auto,90.0,8094.0,,Boss1,[],4733388.0,"['Battle Voice', 'Fight or Flight', 'Grade 4 Gemdraught', 'Radiant Finale', ""The Wanderer's Minuet""]",
741000,741891,Blade of Valor,1000.0,121196.0,,Boss1,['Requiescat'],1061445898.0,"['Battle Voice', 'Fight or Flight', 'Grade 4 Gemdraught', 'Radiant Finale', 'Requiescat', ""The Wanderer's Minuet""]",
741698,742230,Auto,90.0,8094.0,,Boss1,[],4733388.0,"['Battle Voice', 'Fight or Flight', 'Grade 4 Gemdraught', 'Radiant Finale', ""The Wanderer's Minuet""]",
729125,742500,Circle of Scorn (dot),30.0,3629.0,,Boss1,[],951829.0,"['Battle Voice', 'Fight or Flight', 'Grade 4 Gemdraught', 'Radiant Finale', ""The Wanderer's Minuet""]",
741625,742785,Blade of Honor,1000.0,121196.0,,Boss1,[],1061445898.0,"['Battle Voice', 'Fight or Flight', 'Grade 4 Gemdraught', 'Radiant Finale', ""The Wanderer's Minuet""]",
743938,744470,Auto,90.0,8094.0,,Boss1,[],4733388.0,"['Battle Voice', 'Fight or Flight', 'Grade 4 Gemdraught', 'Radiant Finale', ""The Wanderer's Minuet""]",
743500,744790,Sepulchre,540.0,65440.0,,Boss1,[],309461755.0,"['Battle Voice', 'Fight or Flight', 'Grade 4 Gemdraught', 'Radiant Finale', ""The Wanderer's Minuet""]",
746000,746578,Royal Authority,460.0,55746.0,,Boss1,[],224562412.0,"['Battle Voice', 'Fight or Flight', 'Grade 4 Gemdraught', 'Radiant Finale', ""The Wanderer's Minuet""]",
746178,746710,Auto,90.0,8094.0,,Boss1,[],4733388.0,"['Battle Voice', 'Fight or Flight', 'Grade 4 Gemdraught', 'Radiant Finale', ""The Wanderer's Minuet""]",
748418,748950,Auto,90.0,5829.0,,Boss1,[],2297940.0,"['Grade 4 Gemdraught', ""The Wanderer's Minuet""]",
748500,749258,Holy Spirit,500.0,43634.0,,Boss1,['Divine Might'],128807770.0,"['Divine Might', 'Grade 4 Gemdraught', ""The Wanderer's Minuet""]",
750658,751190,Auto,90.0,5829.0,,Boss1,[],2297940.0,"['Grade 4 Gemdraught', ""The Wanderer's Minuet""]",
751000,752293,Atonement,460.0,40143.0,,Boss1,[],109011793.0,"['Grade 4 Gemdraught', ""The Wanderer's Minuet""]",
752898,753430,Auto,90.0,5385.0,,Boss1,[],1961675.0,"[""The Wanderer's Minuet""]",
753500,754660,Supplication,500.0,40320.0,,Boss1,[],109980758.0,"[""The Wanderer's Minuet""]",
755138,755670,Auto,90.0,5385.0,,Boss1,[],1961675.0,"[""The Wanderer's Minuet""]",
756000,757290,Sepulchre,540.0,43543.0,,Boss1,[],128268551.0,"[""The Wanderer's Minuet""]",
